,python score,ids,writing score,reading score,math score,lunch_free/reduced,lunch_standard,race/ethnicity_group A,race/ethnicity_group B,race/ethnicity_group C,race/ethnicity_group D,race/ethnicity_group E,gender_female,gender_male,parental level of education_associate's degree,parental level of education_bachelor's degree,parental level of education_high school,parental level of education_master's degree,parental level of education_some college,parental level of education_some high school,test preparation course_completed,test preparation course_none
0,89,'6480',74,72,72,0,1,0,1,0,0,0,1,0,0,1,0,0,0,0,0,1
1,70,'7374',88,90,69,0,1,0,0,1,0,0,1,0,0,0,0,0,1,0,1,0
2,78,'1160',93,95,90,0,1,0,1,0,0,0,1,0,0,0,0,1,0,0,0,1
3,90,'3404',44,57,47,1,0,1,0,0,0,0,0,1,1,0,0,0,0,0,0,1
4,99,'9819',75,78,76,0,1,0,0,1,0,0,0,1,0,0,0,0,1,0,0,1
5,80,'5713',78,83,71,0,1,0,1,0,0,0,1,0,1,0,0,0,0,0,0,1
6,82,'7028',92,95,88,0,1,0,1,0,0,0,1,0,0,0,0,0,1,0,1,0
7,87,'6800',39,43,40,1,0,0,1,0,0,0,0,1,0,0,0,0,1,0,0,1
8,80,'6331',67,64,64,1,0,0,0,0,1,0,0,1,0,0,1,0,0,0,1,0
9,89,'5158',50,60,38,1,0,0,1,0,0,0,1,0,0,0,1,0,0,0,0,1
10,72,'0798',52,54,58,0,1,0,0,1,0,0,0,1,1,0,0,0,0,0,0,1
11,78,'2842',43,52,40,0,1,0,0,0,1,0,0,1,1,0,0,0,0,0,0,1
12,74,'4825',73,81,65,0,1,0,1,0,0,0,1,0,0,0,1,0,0,0,0,1
13,88,'7416',70,72,78,0,1,1,0,0,0,0,0,1,0,0,0,0,1,0,1,0
14,81,'5729',58,53,50,0,1,1,0,0,0,0,1,0,0,0,0,1,0,0,0,1
15,91,'4966',78,75,69,0,1,0,0,1,0,0,1,0,0,0,0,0,0,1,0,1
16,99,'9930',86,89,88,0,1,0,0,1,0,0,0,1,0,0,1,0,0,0,0,1
17,85,'3083',28,32,18,1,0,0,1,0,0,0,1,0,0,0,0,0,0,1,0,1
18,74,'5746',46,42,46,1,0,0,0,1,0,0,0,1,0,0,0,1,0,0,1,0
19,76,'0891',61,58,54,1,0,0,0,1,0,0,1,0,1,0,0,0,0,0,0,1
20,93,'0729',63,69,66,0,1,0,0,0,1,0,0,1,0,0,1,0,0,0,0,1
21,87,'9135',70,75,65,1,0,0,1,0,0,0,1,0,0,0,0,0,1,0,1,0
22,76,'0141',53,54,44,0,1,0,0,0,1,0,0,1,0,0,0,0,1,0,0,1
23,91,'2457',73,73,69,0,1,0,0,1,0,0,1,0,0,0,0,0,0,1,0,1
24,82,'8897',80,71,74,1,0,0,0,0,1,0,0,1,0,1,0,0,0,0,1,0
25,92,'0815',72,74,73,1,0,1,0,0,0,0,0,1,0,0,0,1,0,0,0,1
26,98,'2064',55,54,69,0,1,0,1,0,0,0,0,1,0,0,0,0,1,0,0,1
27,92,'3203',75,69,67,0,1,0,0,1,0,0,1,0,0,1,0,0,0,0,0,1
28,93,'5484',65,70,70,0,1,0,0,1,0,0,0,1,0,0,1,0,0,0,0,1
29,92,'4468',75,70,62,0,1,0,0,0,1,0,1,0,0,0,0,1,0,0,0,1
30,96,'4856',74,74,69,0,1,0,0,0,1,0,1,0,0,0,0,0,1,0,0,1
31,80,'7797',61,65,63,0,1,0,1,0,0,0,1,0,0,0,0,0,1,0,0,1
32,86,'0897',65,72,56,1,0,0,0,0,0,1,1,0,0,0,0,1,0,0,0,1
33,89,'4953',38,42,40,0,1,0,0,0,1,0,0,1,0,0,0,0,1,0,0,1
34,90,'3817',82,87,97,0,1,0,0,0,0,1,0,1,0,0,0,0,1,0,0,1
35,98,'0464',79,81,81,0,1,0,0,0,0,1,0,1,1,0,0,0,0,0,1,0
36,73,'3690',83,81,74,0,1,0,0,0,1,0,1,0,1,0,0,0,0,0,0,1
37,83,'9208',59,64,50,1,0,0,0,0,1,0,1,0,0,0,0,0,0,1,0,1
38,90,'0166',88,90,75,1,0,0,0,0,1,0,1,0,1,0,0,0,0,0,1,0
39,83,'3943',57,56,57,1,0,0,1,0,0,0,0,1,1,0,0,0,0,0,0,1
40,90,'6655',54,61,55,1,0,0,0,1,0,0,0,1,1,0,0,0,0,0,0,1
41,85,'6413',68,73,58,0,1,0,0,1,0,0,1,0,1,0,0,0,0,0,0,1
42,71,'3401',65,58,53,0,1,0,1,0,0,0,1,0,1,0,0,0,0,0,0,1
43,75,'9616',66,65,59,1,0,0,1,0,0,0,0,1,0,0,0,0,1,0,1,0
44,85,'0204',54,56,50,1,0,0,0,0,0,1,1,0,1,0,0,0,0,0,0,1
45,90,'7757',57,54,65,0,1,0,1,0,0,0,0,1,1,0,0,0,0,0,0,1
46,85,'9645',62,65,55,0,1,1,0,0,0,0,1,0,1,0,0,0,0,0,1,0
47,96,'6574',76,71,66,0,1,0,0,1,0,0,1,0,0,0,1,0,0,0,0,1
48,72,'4314',76,74,57,1,0,0,0,0,1,0,1,0,1,0,0,0,0,0,1,0
49,99,'4261',82,84,82,0,1,0,0,1,0,0,0,1,0,0,1,0,0,0,1,0
50,78,'8997',48,55,53,0,1,0,0,0,0,1,0,1,0,0,0,0,1,0,0,1
51,82,'0320',68,69,77,1,0,0,0,0,0,1,0,1,1,0,0,0,0,0,1,0
52,83,'5425',42,44,53,0,1,0,0,1,0,0,0,1,0,0,0,0,1,0,0,1
53,88,'0042',75,78,88,0,1,0,0,0,1,0,0,1,0,0,1,0,0,0,0,1
54,83,'4546',87,84,71,1,0,0,0,1,0,0,1,0,0,0,0,0,0,1,1,0
55,88,'3647',43,41,33,1,0,0,0,1,0,0,1,0,0,0,1,0,0,0,0,1
56,95,'8097',86,85,82,0,1,0,0,0,0,1,1,0,1,0,0,0,0,0,1,0
57,87,'2062',49,55,52,0,1,0,0,0,1,0,0,1,1,0,0,0,0,0,0,1
58,74,'9938',58,59,58,0,1,0,0,0,1,0,0,1,0,0,0,0,1,0,1,0
59,77,'1214',10,17,0,1,0,0,0,1,0,0,1,0,0,0,0,0,0,1,0,1
60,72,'5596',72,74,79,1,0,0,0,0,0,1,0,1,0,1,0,0,0,0,1,0
61,84,'9471',34,39,39,1,0,1,0,0,0,0,0,1,0,0,0,0,0,1,0,1
62,83,'8094',55,61,62,1,0,1,0,0,0,0,0,1,1,0,0,0,0,0,0,1
63,86,'1602',71,80,69,0,1,0,0,1,0,0,1,0,1,0,0,0,0,0,0,1
64,89,'8666',59,58,59,0,1,0,0,0,1,0,1,0,0,0,0,0,0,1,0,1
65,89,'4750',61,64,67,0,1,0,1,0,0,0,0,1,0,0,0,0,0,1,0,1
66,75,'4927',37,37,45,1,0,0,0,0,1,0,0,1,0,0,0,0,0,1,0,1
67,76,'9352',74,72,60,0,1,0,0,1,0,0,1,0,0,0,0,0,1,0,0,1
68,72,'6563',56,58,61,1,0,0,1,0,0,0,0,1,1,0,0,0,0,0,0,1
69,71,'3262',57,64,39,0,1,0,0,1,0,0,1,0,1,0,0,0,0,0,0,1
70,94,'6840',73,63,58,1,0,0,0,0,1,0,1,0,0,0,0,0,1,0,1,0
71,75,'7248',63,55,63,0,1,0,0,0,1,0,0,1,0,0,0,0,1,0,1,0
72,92,'1758',48,51,41,1,0,1,0,0,0,0,1,0,1,0,0,0,0,0,0,1
73,78,'9067',56,57,61,1,0,0,0,1,0,0,0,1,0,0,0,0,0,1,0,1
74,91,'2844',41,49,49,0,1,0,0,1,0,0,0,1,0,0,0,0,0,1,0,1
75,89,'9361',38,41,44,1,0,0,1,0,0,0,0,1,1,0,0,0,0,0,0,1
76,84,'2449',22,26,30,0,1,0,0,0,0,1,0,1,0,0,0,0,0,1,0,1
77,97,'2515',81,78,80,0,1,1,0,0,0,0,0,1,0,1,0,0,0,0,1,0
78,85,'5044',72,74,61,0,1,0,0,0,1,0,1,0,0,0,0,0,0,1,1,0
79,73,'6934',68,68,62,0,1,0,0,0,0,1,1,0,0,0,0,1,0,0,0,1
80,72,'9219',50,49,47,0,1,0,1,0,0,0,1,0,1,0,0,0,0,0,0,1
81,85,'7429',45,45,49,1,0,0,1,0,0,0,0,1,0,0,1,0,0,0,0,1
82,80,'5810',54,47,50,1,0,1,0,0,0,0,0,1,0,0,0,0,1,0,1,0
83,78,'5387',63,64,72,0,1,0,0,0,0,1,0,1,1,0,0,0,0,0,0,1
84,73,'7786',34,39,42,1,0,0,0,0,1,0,0,1,0,0,1,0,0,0,0,1
85,73,'6270',82,80,73,0,1,0,0,1,0,0,1,0,0,0,0,0,1,0,0,1
86,73,'3618',88,83,76,1,0,0,0,1,0,0,1,0,0,0,0,0,1,0,0,1
87,99,'0267',74,71,71,0,1,0,0,0,1,0,1,0,1,0,0,0,0,0,0,1
88,82,'0747',67,70,58,0,1,1,0,0,0,0,1,0,0,0,0,0,1,0,0,1
89,81,'7172',82,86,73,0,1,0,0,0,1,0,1,0,0,0,0,0,0,1,0,1
90,81,'5295',74,72,65,0,1,0,0,1,0,0,1,0,0,1,0,0,0,0,0,1
91,85,'2223',36,34,27,1,0,0,0,1,0,0,0,1,0,0,1,0,0,0,0,1
92,76,'8167',71,79,71,0,1,0,0,1,0,0,0,1,0,0,1,0,0,0,0,1
93,81,'5915',50,45,43,1,0,0,0,1,0,0,0,1,1,0,0,0,0,0,1,0
94,85,'2654',92,86,79,0,1,0,1,0,0,0,1,0,0,0,0,0,1,0,0,1
95,98,'0279',82,81,78,1,0,0,0,1,0,0,0,1,1,0,0,0,0,0,1,0
96,90,'2019',62,66,65,0,1,0,1,0,0,0,0,1,0,0,0,0,0,1,1,0
97,99,'6635',70,72,63,0,1,0,0,0,0,1,1,0,0,0,0,0,1,0,1,0
98,72,'5907',62,67,58,1,0,0,0,0,1,0,1,0,0,0,0,0,1,0,0,1
99,94,'3443',62,67,65,0,1,0,0,0,1,0,1,0,0,1,0,0,0,0,0,1
100,71,'6756',67,67,79,0,1,0,1,0,0,0,0,1,0,0,0,0,1,0,0,1
101,98,'9986',74,74,68,0,1,0,0,0,1,0,0,1,0,1,0,0,0,0,1,0
102,79,'7947',89,91,85,0,1,0,0,0,1,0,1,0,1,0,0,0,0,0,0,1
103,99,'5757',47,44,60,0,1,0,1,0,0,0,0,1,0,0,1,0,0,0,1,0
104,97,'4564',90,86,98,0,1,0,0,1,0,0,0,1,0,0,0,0,1,0,1,0
105,70,'8286',72,67,58,0,1,0,0,1,0,0,1,0,0,0,0,0,1,0,0,1
106,72,'7785',100,100,87,0,1,0,0,0,1,0,1,0,0,0,0,1,0,0,0,1
107,70,'2863',64,63,66,0,1,0,0,0,0,1,0,1,1,0,0,0,0,0,1,0
108,72,'6838',70,76,52,1,0,0,1,0,0,0,1,0,1,0,0,0,0,0,0,1
109,97,'7487',72,64,70,0,1,0,1,0,0,0,1,0,0,0,0,0,0,1,0,1
110,78,'4090',98,89,77,1,0,0,0,0,1,0,1,0,1,0,0,0,0,0,1,0
111,80,'3810',49,55,62,0,1,0,0,1,0,0,0,1,0,0,1,0,0,0,0,1
112,88,'3277',47,53,54,0,1,1,0,0,0,0,0,1,1,0,0,0,0,0,0,1
113,83,'8044',54,58,51,0,1,0,0,0,1,0,1,0,0,0,0,0,1,0,0,1
114,95,'4604',100,100,99,0,1,0,0,0,0,1,1,0,0,1,0,0,0,0,1,0
115,93,'2923',74,77,84,0,1,0,0,1,0,0,0,1,0,0,1,0,0,0,0,1
116,92,'4701',82,85,75,1,0,0,1,0,0,0,1,0,0,1,0,0,0,0,0,1
117,96,'9435',79,82,78,0,1,0,0,0,1,0,1,0,0,1,0,0,0,0,0,1
118,70,'7085',61,63,51,0,1,0,0,0,1,0,1,0,0,0,0,0,0,1,0,1
119,80,'4134',65,69,55,0,1,0,0,1,0,0,1,0,0,0,0,0,1,0,0,1
120,83,'9905',89,92,79,0,1,0,0,1,0,0,1,0,0,1,0,0,0,0,1,0
121,94,'8756',92,89,91,0,1,0,1,0,0,0,0,1,1,0,0,0,0,0,1,0
122,73,'0002',93,93,88,0,1,0,0,1,0,0,1,0,0,0,0,0,1,0,1,0
123,72,'9452',56,57,63,1,0,0,0,0,1,0,0,1,0,0,1,0,0,0,0,1
124,76,'4167',73,80,83,0,1,0,0,0,0,1,0,1,0,0,0,0,1,0,0,1
125,72,'6336',86,95,87,0,1,0,1,0,0,0,1,0,0,0,1,0,0,0,0,1
126,82,'6225',67,68,72,0,1,0,1,0,0,0,0,1,0,0,0,0,0,1,0,1
127,93,'8043',74,77,65,0,1,0,0,0,1,0,0,1,0,0,0,0,1,0,1,0
128,86,'3807',74,82,82,0,1,0,0,0,1,0,0,1,0,0,0,1,0,0,0,1
129,75,'8603',51,49,51,0,1,1,0,0,0,0,1,0,0,1,0,0,0,0,0,1
130,81,'0244',82,84,89,0,1,0,0,0,1,0,0,1,0,0,0,1,0,0,0,1
131,93,'7718',40,37,53,1,0,0,0,1,0,0,0,1,0,0,0,0,0,1,1,0
132,95,'7602',70,74,87,1,0,0,0,0,0,1,0,1,0,0,0,0,1,0,1,0
133,80,'1144',84,81,75,0,1,0,0,1,0,0,1,0,0,0,0,0,1,0,1,0
134,78,'7883',75,79,74,1,0,0,0,0,1,0,0,1,0,1,0,0,0,0,1,0
135,93,'5635',48,55,58,0,1,0,0,1,0,0,0,1,0,1,0,0,0,0,0,1
136,80,'1913',41,54,51,0,1,0,1,0,0,0,0,1,0,0,0,0,0,1,1,0
137,89,'4682',56,55,70,0,1,0,0,0,0,1,0,1,0,0,1,0,0,0,0,1
138,74,'0400',67,66,59,0,1,0,0,1,0,0,1,0,1,0,0,0,0,0,0,1
139,82,'4229',69,61,71,0,1,0,0,0,1,0,0,1,0,0,0,0,1,0,1,0
140,71,'7066',71,72,76,0,1,0,0,0,1,0,1,0,0,0,0,0,0,1,0,1
141,79,'7068',64,62,59,1,0,0,0,1,0,0,1,0,0,0,0,0,1,0,0,1
142,98,'0120',54,55,42,1,0,0,0,0,0,1,1,0,0,0,0,0,1,0,1,0
143,79,'8476',47,43,57,0,1,1,0,0,0,0,0,1,0,0,1,0,0,0,0,1
144,96,'9213',78,73,88,0,1,0,0,0,1,0,0,1,0,0,0,0,1,0,0,1
145,74,'2763',33,39,22,1,0,0,0,1,0,0,1,0,0,0,0,0,1,0,0,1
146,91,'7677',75,84,88,0,1,0,1,0,0,0,0,1,0,0,0,0,0,1,0,1
147,77,'2870',66,68,73,1,0,0,0,1,0,0,0,1,1,0,0,0,0,0,0,1
148,95,'4042',81,75,68,0,1,0,0,0,1,0,1,0,0,1,0,0,0,0,1,0
149,77,'3799',93,100,100,1,0,0,0,0,0,1,0,1,1,0,0,0,0,0,1,0
150,93,'1278',69,67,62,0,1,1,0,0,0,0,0,1,0,0,0,0,0,1,1,0
151,88,'9622',68,67,77,0,1,1,0,0,0,0,0,1,0,1,0,0,0,0,0,1
152,93,'5266',66,70,59,0,1,0,1,0,0,0,1,0,1,0,0,0,0,0,1,0
153,80,'5316',47,49,54,0,1,0,0,0,1,0,0,1,0,1,0,0,0,0,0,1
154,87,'7764',61,67,62,0,1,0,0,0,1,0,0,1,0,0,0,0,0,1,0,1
155,82,'5584',88,89,70,0,1,0,0,1,0,0,1,0,0,0,0,0,1,0,1,0
156,80,'5045',78,74,66,1,0,0,0,0,0,1,1,0,0,0,1,0,0,0,1,0
157,75,'3052',60,60,60,1,0,0,1,0,0,0,0,1,0,0,0,0,1,0,0,1
158,87,'6605',87,86,61,0,1,0,1,0,0,0,1,0,1,0,0,0,0,0,1,0
159,92,'5080',64,62,66,1,0,0,0,0,1,0,0,1,1,0,0,0,0,0,0,1
160,76,'2408',74,78,82,1,0,0,1,0,0,0,0,1,1,0,0,0,0,0,1,0
161,88,'9249',85,88,75,1,0,0,0,0,0,1,1,0,0,0,0,0,1,0,1,0
162,85,'5701',52,53,49,1,0,0,1,0,0,0,0,1,0,0,0,1,0,0,0,1
163,85,'2616',49,53,52,0,1,0,0,1,0,0,0,1,0,0,1,0,0,0,0,1
164,78,'3632',91,92,81,0,1,0,0,0,0,1,1,0,0,0,0,1,0,0,0,1
165,93,'6743',100,100,96,0,1,0,0,1,0,0,1,0,0,1,0,0,0,0,1,0
166,90,'5770',51,51,53,1,0,0,0,1,0,0,0,1,0,0,1,0,0,0,1,0
167,93,'1059',78,76,58,1,0,0,1,0,0,0,1,0,0,0,0,1,0,0,1,0
168,78,'3968',78,83,68,0,1,0,1,0,0,0,1,0,0,0,1,0,0,0,1,0
169,75,'9010',70,75,67,1,0,0,0,1,0,0,1,0,0,0,0,0,1,0,1,0
170,77,'9619',74,73,72,0,1,1,0,0,0,0,0,1,0,0,1,0,0,0,1,0
171,83,'1940',78,88,94,0,1,0,0,0,0,1,0,1,0,0,0,0,0,1,0,1
172,97,'1357',81,86,79,0,1,0,0,0,1,0,1,0,0,0,0,0,1,0,0,1
173,96,'3784',70,67,63,0,1,0,0,1,0,0,1,0,1,0,0,0,0,0,0,1
174,87,'4007',54,51,43,1,0,0,0,1,0,0,1,0,0,1,0,0,0,0,1,0
175,81,'2159',87,91,81,0,1,0,0,1,0,0,1,0,0,0,0,1,0,0,1,0
176,82,'5253',58,54,46,1,0,0,1,0,0,0,1,0,0,0,1,0,0,0,1,0
177,73,'8783',77,77,71,0,1,0,0,1,0,0,1,0,1,0,0,0,0,0,1,0
178,94,'5807',62,70,52,1,0,0,1,0,0,0,1,0,0,0,0,1,0,0,1,0
179,92,'8595',100,100,97,0,1,0,0,0,1,0,1,0,0,0,0,0,0,1,1,0
180,93,'8154',75,68,62,1,0,0,0,1,0,0,0,1,0,0,0,1,0,0,1,0
181,71,'6067',66,64,46,1,0,0,0,1,0,0,1,0,0,0,0,0,1,0,0,1
182,79,'8922',47,50,50,0,1,0,0,0,0,1,1,0,0,0,1,0,0,0,0,1
183,93,'9026',70,69,65,0,1,0,0,0,1,0,1,0,1,0,0,0,0,0,0,1
184,76,'5028',49,52,45,1,0,0,0,1,0,0,0,1,0,0,0,0,0,1,1,0
185,70,'9898',65,67,65,1,0,0,0,1,0,0,0,1,1,0,0,0,0,0,1,0
186,78,'0366',65,76,80,0,1,0,0,0,0,1,0,1,0,0,1,0,0,0,0,1
187,95,'8028',68,66,62,0,1,0,0,0,1,0,0,1,0,0,0,0,0,1,1,0
188,98,'7218',45,52,48,1,0,0,1,0,0,0,0,1,0,0,0,0,0,1,0,1
189,86,'1129',87,88,77,0,1,0,0,1,0,0,1,0,0,1,0,0,0,0,0,1
190,92,'6363',69,65,66,0,1,0,0,0,0,1,1,0,1,0,0,0,0,0,0,1
191,86,'1014',79,83,76,0,1,0,0,0,1,0,0,1,0,0,0,0,1,0,1,0
192,96,'4366',66,64,62,0,1,0,1,0,0,0,1,0,0,0,0,0,0,1,0,1
193,84,'0657',62,62,77,0,1,0,0,0,1,0,0,1,0,0,0,0,1,0,1,0
194,85,'8623',85,84,69,0,1,0,0,1,0,0,1,0,0,0,0,1,0,0,1,0
195,84,'0082',52,55,61,0,1,0,0,0,1,0,0,1,1,0,0,0,0,0,0,1
196,78,'4183',65,69,59,1,0,0,0,1,0,0,0,1,0,0,0,0,0,1,1,0
197,99,'8438',51,56,55,1,0,0,0,0,0,1,0,1,0,0,1,0,0,0,0,1
198,82,'1716',55,53,45,1,0,0,1,0,0,0,1,0,0,0,0,0,1,0,0,1
199,74,'3691',76,79,78,1,0,0,1,0,0,0,1,0,0,1,0,0,0,0,0,1
200,96,'8254',86,84,67,0,1,0,0,1,0,0,1,0,1,0,0,0,0,0,1,0
201,93,'4340',77,81,65,1,0,0,0,0,1,0,1,0,0,0,0,0,1,0,0,1
202,73,'7976',69,77,69,0,1,0,0,1,0,0,0,1,1,0,0,0,0,0,0,1
203,97,'1531',68,69,57,0,1,0,1,0,0,0,1,0,1,0,0,0,0,0,0,1
204,79,'7208',42,41,59,0,1,0,0,1,0,0,0,1,0,0,0,0,1,0,0,1
205,92,'6859',78,71,74,0,1,0,0,0,1,0,0,1,0,0,0,0,0,1,1,0
206,89,'6769',62,62,82,0,1,0,0,0,0,1,0,1,0,1,0,0,0,0,0,1
207,94,'3565',76,80,81,0,1,0,0,0,0,1,0,1,0,0,1,0,0,0,1,0
208,70,'1417',76,81,74,1,0,0,1,0,0,0,1,0,0,0,0,0,1,0,0,1
209,88,'6065',66,61,58,1,0,0,1,0,0,0,1,0,0,0,0,0,1,0,0,1
210,86,'9615',79,79,80,1,0,0,0,0,1,0,0,1,0,0,0,0,0,1,1,0
211,93,'1450',27,28,35,1,0,0,0,1,0,0,0,1,0,0,0,0,1,0,0,1
212,90,'6659',60,62,42,1,0,0,0,1,0,0,1,0,0,0,1,0,0,0,0,1
213,80,'4814',56,51,60,1,0,0,0,1,0,0,0,1,1,0,0,0,0,0,1,0
214,98,'6201',81,91,87,0,1,0,0,0,0,1,0,1,0,0,1,0,0,0,1,0
215,85,'0201',75,83,84,0,1,0,1,0,0,0,0,1,0,0,0,0,0,1,1,0
216,99,'1495',88,86,83,1,0,0,0,0,0,1,1,0,1,0,0,0,0,0,1,0
217,95,'7741',39,42,34,1,0,0,0,1,0,0,1,0,0,0,1,0,0,0,0,1
218,80,'7603',70,77,66,1,0,0,1,0,0,0,0,1,0,0,1,0,0,0,0,1
219,79,'5930',56,56,61,0,1,0,1,0,0,0,0,1,0,0,0,0,0,1,1,0
220,71,'4195',74,68,56,0,1,0,0,0,1,0,1,0,0,0,1,0,0,0,1,0
221,73,'8515',73,85,87,0,1,0,1,0,0,0,0,1,1,0,0,0,0,0,0,1
222,83,'2239',62,65,55,1,0,0,0,1,0,0,1,0,0,0,0,0,0,1,0,1
223,83,'0013',75,80,86,0,1,0,0,0,1,0,0,1,0,0,0,0,0,1,0,1
224,88,'1494',73,66,52,0,1,0,1,0,0,0,1,0,1,0,0,0,0,0,1,0
225,91,'5093',54,56,45,1,0,0,0,0,0,1,1,0,0,0,0,1,0,0,0,1
226,86,'7321',71,72,72,0,1,0,0,1,0,0,1,0,0,0,0,0,1,0,0,1
227,98,'7981',54,50,57,0,1,0,0,0,1,0,0,1,0,0,1,0,0,0,0,1
228,77,'8380',64,72,68,1,0,1,0,0,0,0,0,1,0,0,0,0,0,1,0,1
229,70,'9864',94,95,88,0,1,0,0,1,0,0,1,0,0,0,0,0,1,0,1,0
230,93,'9701',66,64,76,0,1,0,0,0,1,0,0,1,0,0,0,0,1,0,0,1
231,97,'9823',42,43,46,0,1,0,0,1,0,0,0,1,1,0,0,0,0,0,0,1
232,78,'7003',83,86,67,0,1,0,1,0,0,0,1,0,0,1,0,0,0,0,0,1
233,94,'3838',78,87,92,0,1,0,0,0,0,1,0,1,0,0,0,0,0,1,0,1
234,79,'7747',84,82,83,0,1,0,0,1,0,0,0,1,0,1,0,0,0,0,1,0
235,93,'8470',77,75,80,0,1,0,0,0,1,0,0,1,1,0,0,0,0,0,0,1
236,76,'3416',67,66,63,1,0,0,0,0,1,0,0,1,0,1,0,0,0,0,0,1
237,92,'7346',74,60,64,0,1,0,0,0,1,0,1,0,0,0,0,0,0,1,1,0
238,98,'3563',51,52,54,0,1,0,1,0,0,0,0,1,0,0,0,0,1,0,0,1
239,70,'9667',80,80,84,0,1,0,0,1,0,0,0,1,1,0,0,0,0,0,0,1
240,88,'7521',66,68,73,1,0,0,0,0,1,0,0,1,0,0,1,0,0,0,1,0
241,70,'1869',83,83,80,0,1,0,0,0,0,1,1,0,0,1,0,0,0,0,0,1
242,85,'3834',55,52,56,0,1,0,0,0,1,0,1,0,0,0,1,0,0,0,0,1
243,90,'3824',43,51,59,0,1,0,0,0,0,1,0,1,0,0,0,0,1,0,0,1
244,99,'6821',69,74,75,0,1,0,0,0,1,0,0,1,0,0,0,0,0,1,0,1
245,73,'8748',71,76,85,0,1,0,0,1,0,0,0,1,1,0,0,0,0,0,0,1
246,79,'2502',74,76,89,0,1,0,0,0,0,1,0,1,1,0,0,0,0,0,0,1
247,90,'7615',68,70,58,0,1,0,1,0,0,0,1,0,0,0,1,0,0,0,1,0
248,91,'9005',62,64,65,0,1,0,1,0,0,0,1,0,0,0,1,0,0,0,0,1
249,72,'6179',53,60,68,0,1,0,0,1,0,0,0,1,0,0,1,0,0,0,0,1
250,79,'1903',49,49,47,0,1,1,0,0,0,0,0,1,0,0,0,0,0,1,1,0
251,81,'2001',83,83,71,1,0,0,0,0,1,0,1,0,0,0,0,0,1,0,0,1
252,95,'6736',70,70,60,0,1,0,1,0,0,0,1,0,0,0,0,0,0,1,1,0
253,77,'4450',72,80,80,0,1,0,0,0,1,0,0,1,0,0,0,1,0,0,0,1
254,81,'5564',52,52,54,0,1,0,0,0,1,0,0,1,0,0,1,0,0,0,0,1
255,97,'6443',70,73,62,0,1,0,0,0,0,1,1,0,0,0,0,0,1,0,0,1
256,90,'8901',68,73,64,1,0,0,0,1,0,0,1,0,1,0,0,0,0,0,0,1
257,79,'1641',77,77,78,0,1,0,0,1,0,0,0,1,1,0,0,0,0,0,1,0
258,82,'2000',78,75,70,0,1,0,1,0,0,0,1,0,0,0,0,0,1,0,0,1
259,81,'1432',81,81,65,1,0,0,0,1,0,0,1,0,0,0,0,1,0,0,1,0
260,92,'2016',77,79,64,1,0,0,0,1,0,0,1,0,0,0,0,0,0,1,1,0
261,76,'5492',78,79,79,0,1,0,0,1,0,0,0,1,0,0,0,0,1,0,1,0
262,77,'3116',51,50,44,1,0,0,0,1,0,0,1,0,0,0,0,0,0,1,0,1
263,84,'4180',90,93,99,0,1,0,0,0,0,1,1,0,0,0,1,0,0,0,0,1
264,74,'7441',68,73,76,0,1,0,0,0,1,0,0,1,0,0,1,0,0,0,0,1
265,97,'3548',41,42,59,1,0,0,0,0,1,0,0,1,0,0,0,0,0,1,0,1
266,74,'0679',81,75,63,0,1,0,0,1,0,0,1,0,0,1,0,0,0,0,0,1
267,73,'0332',77,72,69,0,1,0,0,0,1,0,1,0,0,0,1,0,0,0,0,1
268,97,'5191',95,92,88,0,1,0,0,0,1,0,1,0,1,0,0,0,0,0,1,0
269,80,'9718',70,76,71,1,0,0,0,0,0,1,1,0,0,0,0,0,1,0,0,1
270,80,'4959',61,63,69,0,1,0,0,1,0,0,0,1,0,1,0,0,0,0,0,1
271,95,'2503',42,49,58,0,1,0,0,1,0,0,0,1,0,0,0,0,1,0,0,1
272,88,'7297',58,53,47,1,0,0,0,0,1,0,1,0,1,0,0,0,0,0,0,1
273,96,'9891',71,70,65,0,1,0,0,0,1,0,1,0,0,0,0,0,1,0,0,1
274,96,'4008',76,85,88,0,1,0,1,0,0,0,0,1,0,0,0,0,1,0,1,0
275,88,'9364',73,78,83,0,1,0,0,1,0,0,0,1,0,1,0,0,0,0,0,1
276,91,'2518',93,92,85,0,1,0,0,1,0,0,1,0,0,0,0,0,0,1,1,0
277,77,'5781',75,63,59,0,1,0,0,0,0,1,1,0,0,0,1,0,0,0,1,0
278,74,'7987',80,86,65,1,0,0,0,1,0,0,1,0,0,0,0,0,0,1,0,1
279,99,'5721',57,56,73,1,0,0,1,0,0,0,0,1,0,1,0,0,0,0,0,1
280,98,'4557',42,52,53,0,1,0,0,0,1,0,0,1,0,0,1,0,0,0,0,1
281,82,'7679',46,48,45,0,1,0,0,0,1,0,0,1,0,0,1,0,0,0,0,1
282,91,'6813',84,79,73,1,0,0,0,0,1,0,1,0,0,1,0,0,0,0,0,1
283,89,'9210',78,78,70,1,0,0,0,0,1,0,1,0,0,0,0,0,1,0,1,0
284,96,'8305',46,46,37,0,1,0,1,0,0,0,1,0,0,0,0,0,0,1,0,1
285,90,'9190',82,82,81,0,1,0,1,0,0,0,0,1,1,0,0,0,0,0,1,0
286,96,'8302',88,82,97,0,1,0,0,0,0,1,0,1,1,0,0,0,0,0,1,0
287,76,'9993',82,89,67,0,1,0,1,0,0,0,1,0,0,0,0,0,0,1,0,1
288,72,'2009',76,75,88,1,0,0,1,0,0,0,0,1,0,1,0,0,0,0,0,1
289,86,'3061',77,76,77,0,1,0,0,0,0,1,0,1,0,0,0,0,0,1,1,0
290,95,'8066',68,70,76,0,1,0,0,1,0,0,0,1,1,0,0,0,0,0,0,1
291,95,'4782',70,73,86,0,1,0,0,0,1,0,0,1,0,0,0,0,0,1,0,1
292,81,'2532',57,60,63,0,1,0,0,1,0,0,0,1,0,0,0,0,0,1,1,0
293,99,'3986',75,73,65,0,1,0,0,0,0,1,1,0,0,1,0,0,0,0,0,1
294,88,'1657',80,77,78,1,0,0,0,0,1,0,0,1,0,0,1,0,0,0,1,0
295,99,'3682',60,62,67,1,0,0,1,0,0,0,0,1,1,0,0,0,0,0,0,1
296,92,'9525',43,41,46,0,1,1,0,0,0,0,0,1,0,0,0,0,0,1,1,0
297,81,'8418',68,74,71,0,1,0,0,0,0,1,0,1,1,0,0,0,0,0,1,0
298,93,'2170',50,46,40,1,0,0,0,1,0,0,0,1,0,0,1,0,0,0,1,0
299,95,'1599',75,87,90,1,0,0,0,0,1,0,0,1,1,0,0,0,0,0,0,1
300,84,'6246',81,78,81,1,0,1,0,0,0,0,0,1,0,0,0,0,1,0,1,0
301,99,'0626',52,54,56,1,0,0,0,0,1,0,0,1,0,0,0,0,0,1,0,1
302,78,'7379',81,84,67,0,1,0,0,1,0,0,1,0,1,0,0,0,0,0,1,0
303,87,'6351',64,76,80,0,1,0,1,0,0,0,0,1,1,0,0,0,0,0,0,1
304,94,'6640',83,75,74,0,1,0,0,1,0,0,1,0,1,0,0,0,0,0,1,0
305,71,'7499',69,67,69,0,1,1,0,0,0,0,0,1,0,0,0,0,1,0,0,1
306,95,'6436',81,87,99,0,1,0,0,0,0,1,0,1,0,0,0,0,1,0,1,0
307,87,'6808',44,52,51,0,1,0,0,1,0,0,0,1,0,0,0,0,0,1,0,1
308,73,'9777',67,71,53,1,0,0,1,0,0,0,1,0,1,0,0,0,0,0,0,1
309,84,'8592',52,57,49,1,0,0,0,0,1,0,1,0,0,0,1,0,0,0,0,1
310,81,'1316',80,76,73,0,1,0,1,0,0,0,1,0,1,0,0,0,0,0,0,1
311,95,'5020',57,60,66,0,1,0,1,0,0,0,0,1,0,1,0,0,0,0,0,1
312,80,'7047',68,61,67,0,1,0,0,0,1,0,0,1,0,1,0,0,0,0,1,0
313,70,'5001',69,67,68,1,0,0,0,1,0,0,1,0,1,0,0,0,0,0,1,0
314,97,'7909',75,64,59,0,1,0,0,1,0,0,1,0,0,1,0,0,0,0,1,0
315,78,'9441',65,66,71,0,1,0,0,1,0,0,0,1,0,0,1,0,0,0,0,1
316,91,'7425',91,82,77,0,1,0,0,0,1,0,1,0,0,0,0,1,0,0,1,0
317,82,'1360',78,72,83,0,1,0,0,1,0,0,0,1,1,0,0,0,0,0,0,1
318,71,'7263',69,71,63,0,1,0,1,0,0,0,0,1,0,1,0,0,0,0,0,1
319,74,'5206',63,65,56,1,0,0,0,0,1,0,1,0,1,0,0,0,0,0,0,1
320,99,'1668',84,79,67,1,0,0,0,1,0,0,1,0,0,0,1,0,0,0,1,0
321,91,'7550',79,86,75,0,1,0,0,0,0,1,1,0,0,0,1,0,0,0,0,1
322,77,'9903',80,81,71,0,1,0,0,1,0,0,1,0,0,0,0,0,1,0,0,1
323,85,'6906',53,53,43,1,0,0,0,1,0,0,1,0,0,0,0,0,0,1,0,1
324,95,'0476',43,46,41,1,0,0,0,1,0,0,1,0,0,0,1,0,0,0,0,1
325,89,'2985',94,90,82,0,1,0,0,1,0,0,1,0,0,0,0,0,1,0,0,1
326,92,'4188',62,61,61,0,1,0,0,1,0,0,0,1,0,0,0,0,1,0,0,1
327,99,'1430',19,23,28,1,0,1,0,0,0,0,0,1,0,0,0,0,1,0,0,1
328,80,'7463',77,75,82,0,1,0,0,1,0,0,0,1,1,0,0,0,0,0,1,0
329,98,'7070',51,55,41,0,1,0,1,0,0,0,1,0,0,0,0,0,0,1,0,1
330,78,'3704',61,60,71,0,1,0,0,1,0,0,0,1,0,0,1,0,0,0,0,1
331,74,'4369',35,37,47,0,1,0,0,1,0,0,0,1,1,0,0,0,0,0,0,1
332,90,'1776',53,56,62,0,1,0,0,0,0,1,0,1,1,0,0,0,0,0,1,0
333,88,'5696',81,78,90,0,1,0,1,0,0,0,0,1,1,0,0,0,0,0,0,1
334,70,'4139',95,93,83,0,1,0,0,1,0,0,1,0,0,1,0,0,0,0,0,1
335,78,'8223',66,68,61,1,0,0,1,0,0,0,1,0,0,0,0,0,1,0,0,1
336,79,'1769',69,70,76,0,1,0,0,0,1,0,0,1,0,0,0,0,0,1,1,0
337,71,'7898',43,51,49,0,1,0,0,1,0,0,0,1,1,0,0,0,0,0,0,1
338,88,'3576',27,38,24,1,0,0,1,0,0,0,1,0,0,0,0,0,0,1,0,1
339,82,'6062',60,55,35,1,0,0,0,0,1,0,1,0,0,0,0,0,0,1,1,0
340,82,'7271',52,61,58,1,0,0,0,1,0,0,0,1,0,0,1,0,0,0,0,1
341,79,'9342',63,73,61,0,1,0,0,1,0,0,1,0,0,0,1,0,0,0,0,1
342,99,'1225',74,76,69,0,1,0,1,0,0,0,1,0,0,0,1,0,0,0,1,0
343,87,'0216',67,72,67,0,1,0,0,0,1,0,0,1,1,0,0,0,0,0,1,0
344,93,'5027',67,73,79,0,1,0,0,0,1,0,0,1,0,0,0,0,1,0,0,1
345,95,'9650',75,80,72,0,1,0,0,1,0,0,1,0,0,0,1,0,0,0,0,1
346,72,'3556',57,61,62,0,1,0,1,0,0,0,0,1,0,0,0,0,1,0,0,1
347,86,'1604',95,94,77,0,1,0,0,1,0,0,1,0,0,1,0,0,0,0,1,0
348,99,'0836',66,74,75,1,0,0,0,0,1,0,0,1,0,0,1,0,0,0,0,1
349,95,'7584',76,74,87,0,1,0,0,0,0,1,0,1,1,0,0,0,0,0,0,1
350,75,'2499',69,65,52,0,1,0,1,0,0,0,1,0,0,1,0,0,0,0,0,1
351,87,'4499',52,57,66,0,1,0,0,0,0,1,0,1,0,0,0,0,1,0,0,1
352,94,'8349',80,78,63,0,1,0,0,1,0,0,1,0,0,0,0,0,1,0,1,0
353,97,'5370',57,58,46,0,1,0,0,1,0,0,1,0,1,0,0,0,0,0,0,1
354,97,'2068',70,71,59,0,1,0,0,1,0,0,1,0,0,0,0,0,1,0,0,1
355,80,'3736',70,72,61,0,1,0,1,0,0,0,1,0,0,1,0,0,0,0,0,1
356,97,'5049',61,61,63,0,1,1,0,0,0,0,0,1,1,0,0,0,0,0,0,1
357,73,'4076',69,66,42,1,0,0,0,1,0,0,1,0,0,0,0,0,1,0,1,0
358,83,'2710',61,62,59,1,0,0,0,0,1,0,0,1,0,0,0,0,1,0,0,1
359,99,'6882',89,90,80,0,1,0,0,0,1,0,1,0,0,0,0,0,1,0,0,1
360,86,'4029',59,62,58,0,1,0,1,0,0,0,1,0,0,0,1,0,0,0,0,1
361,86,'9404',78,84,85,0,1,0,1,0,0,0,0,1,0,0,0,0,0,1,1,0
362,93,'2219',58,58,52,0,1,0,0,1,0,0,1,0,0,0,0,0,1,0,0,1
363,76,'4339',32,34,27,1,0,0,0,0,1,0,1,0,0,0,0,0,0,1,0,1
364,77,'5982',58,60,59,0,1,0,0,1,0,0,0,1,0,0,0,0,1,0,0,1
365,81,'9990',60,58,49,1,0,1,0,0,0,0,0,1,0,1,0,0,0,0,1,0
366,70,'8879',53,58,69,0,1,0,0,1,0,0,0,1,0,0,1,0,0,0,1,0
367,99,'9388',61,66,61,1,0,0,0,1,0,0,0,1,0,1,0,0,0,0,0,1
368,92,'6142',58,64,44,1,0,1,0,0,0,0,1,0,0,0,0,0,0,1,0,1
369,82,'5504',85,84,73,0,1,0,0,0,1,0,1,0,0,0,0,0,0,1,0,1
370,92,'8713',71,77,84,0,1,0,0,0,0,1,0,1,0,0,0,0,1,0,0,1
371,95,'9131',70,73,45,1,0,0,0,1,0,0,1,0,0,0,0,0,1,0,1,0
372,93,'2880',72,74,74,0,1,0,0,0,1,0,0,1,0,0,0,0,0,1,0,1
373,75,'5453',96,97,82,0,1,0,0,0,1,0,1,0,0,0,0,0,1,0,1,0
374,81,'5344',73,70,59,0,1,0,0,0,1,0,1,0,0,1,0,0,0,0,0,1
375,89,'5809',41,43,46,1,0,0,0,0,0,1,0,1,1,0,0,0,0,0,0,1
376,90,'1748',82,90,80,0,1,0,0,0,1,0,1,0,0,0,0,0,0,1,0,1
377,87,'4598',100,95,85,1,0,0,0,0,1,0,1,0,0,0,0,1,0,0,1,0
378,81,'7552',77,83,71,0,1,1,0,0,0,0,1,0,0,0,0,0,0,1,0,1
379,73,'5448',62,64,66,0,1,1,0,0,0,0,0,1,0,1,0,0,0,0,0,1
380,89,'6299',83,86,80,0,1,0,1,0,0,0,1,0,1,0,0,0,0,0,0,1
381,72,'3454',95,100,87,0,1,0,0,1,0,0,0,1,1,0,0,0,0,0,1,0
382,70,'0900',71,81,79,1,0,0,0,1,0,0,0,1,0,0,0,1,0,0,0,1
383,74,'1373',45,49,38,1,0,0,0,0,0,1,1,0,0,0,0,0,0,1,0,1
384,80,'3653',43,43,38,1,0,1,0,0,0,0,1,0,0,0,0,0,0,1,0,1
385,89,'5668',75,76,67,0,1,0,0,0,0,1,1,0,0,0,0,0,1,0,0,1
386,88,'0821',70,73,64,0,1,0,0,0,0,1,1,0,0,1,0,0,0,0,0,1
387,88,'6750',67,78,57,1,0,0,0,1,0,0,1,0,1,0,0,0,0,0,0,1
388,84,'7080',64,64,62,0,1,0,0,0,1,0,1,0,0,0,1,0,0,0,0,1
389,94,'4991',75,70,73,0,1,0,0,0,1,0,0,1,0,0,0,1,0,0,0,1
390,81,'1440',59,67,73,1,0,0,0,0,0,1,0,1,0,0,0,0,0,1,1,0
391,86,'5166',77,68,77,0,1,0,0,0,1,0,1,0,0,0,0,0,1,0,0,1
392,98,'6650',67,67,76,0,1,0,0,0,0,1,0,1,0,0,0,0,1,0,0,1
393,89,'5299',56,54,57,0,1,0,0,1,0,0,0,1,1,0,0,0,0,0,1,0
394,81,'9528',77,74,65,0,1,0,0,1,0,0,1,0,0,0,0,0,0,1,1,0
395,88,'1222',41,45,48,1,0,1,0,0,0,0,0,1,0,0,1,0,0,0,0,1
396,72,'4348',63,67,50,1,0,0,1,0,0,0,1,0,0,0,1,0,0,0,0,1
397,99,'4427',95,89,85,0,1,0,0,1,0,0,1,0,1,0,0,0,0,0,0,1
398,87,'8436',57,63,74,0,1,0,1,0,0,0,0,1,0,0,0,0,0,1,0,1
399,70,'7504',54,59,60,0,1,0,0,0,1,0,0,1,0,0,0,0,0,1,0,1
400,96,'4285',67,54,59,0,1,0,0,1,0,0,1,0,0,0,0,0,0,1,1,0
401,87,'6325',43,43,53,0,1,1,0,0,0,0,0,1,0,0,0,0,1,0,0,1
402,80,'7566',55,65,49,1,0,1,0,0,0,0,1,0,0,0,0,0,1,0,0,1
403,72,'7563',100,99,88,0,1,0,0,0,1,0,1,0,0,0,1,0,0,0,1,0
404,75,'1164',62,59,54,0,1,0,0,1,0,0,1,0,0,0,1,0,0,0,0,1
405,78,'7246',68,73,63,0,1,0,0,1,0,0,1,0,0,0,0,0,0,1,0,1
406,93,'8614',63,65,65,0,1,0,1,0,0,0,0,1,1,0,0,0,0,0,1,0
407,83,'8539',77,80,82,0,1,0,1,0,0,0,1,0,1,0,0,0,0,0,0,1
408,78,'2052',56,57,52,1,0,0,0,0,1,0,1,0,0,0,1,0,0,0,1,0
409,90,'3578',85,84,87,0,1,0,0,0,1,0,0,1,1,0,0,0,0,0,1,0
410,72,'4186',74,71,70,0,1,0,0,0,1,0,1,0,0,0,0,1,0,0,1,0
411,90,'9656',78,83,84,0,1,0,0,0,0,1,0,1,0,0,0,0,1,0,1,0
412,93,'5014',60,66,71,0,1,0,0,0,1,0,0,1,1,0,0,0,0,0,0,1
413,82,'1086',67,67,63,0,1,0,1,0,0,0,0,1,0,0,0,0,0,1,1,0
414,87,'3880',79,72,51,1,0,0,0,1,0,0,1,0,0,1,0,0,0,0,1,0
415,81,'5232',69,73,84,0,1,0,0,0,0,1,0,1,0,0,1,0,0,0,0,1
416,79,'9570',68,74,71,0,1,0,0,1,0,0,0,1,0,1,0,0,0,0,1,0
417,90,'6886',67,73,74,0,1,0,0,1,0,0,0,1,1,0,0,0,0,0,0,1
418,94,'5904',62,59,68,0,1,0,0,0,1,0,0,1,0,0,0,0,1,0,0,1
419,97,'2385',54,56,57,1,0,0,0,0,0,1,0,1,0,0,1,0,0,0,1,0
420,93,'5036',93,93,82,1,0,0,0,1,0,0,1,0,1,0,0,0,0,0,1,0
421,93,'6971',64,58,57,0,1,0,0,0,1,0,1,0,0,0,1,0,0,0,1,0
422,94,'0731',67,58,47,1,0,0,0,0,1,0,1,0,0,0,0,1,0,0,1,0
423,70,'2024',80,85,59,0,1,1,0,0,0,0,1,0,0,0,0,0,0,1,1,0
424,73,'5968',34,39,41,1,0,0,1,0,0,0,0,1,0,0,0,0,1,0,0,1
425,73,'6817',62,67,62,1,0,0,0,1,0,0,1,0,0,0,0,0,1,0,0,1
426,99,'8555',86,83,86,0,1,0,0,1,0,0,0,1,0,1,0,0,0,0,0,1
427,81,'4948',65,71,69,1,0,0,0,1,0,0,0,1,0,0,0,0,0,1,0,1
428,91,'2516',53,59,65,1,0,1,0,0,0,0,0,1,0,0,0,0,0,1,0,1
429,79,'6397',54,63,68,1,0,0,0,1,0,0,0,1,0,0,0,0,0,1,0,1
430,79,'6514',59,66,64,1,0,0,0,1,0,0,0,1,1,0,0,0,0,0,0,1
431,79,'9662',70,72,61,0,1,0,0,1,0,0,1,0,0,0,1,0,0,0,0,1
432,75,'2889',55,56,61,0,1,0,0,1,0,0,0,1,0,0,1,0,0,0,0,1
433,79,'3895',50,59,47,1,0,1,0,0,0,0,1,0,0,0,0,0,0,1,0,1
434,70,'8765',66,66,73,0,1,0,0,1,0,0,0,1,0,0,0,0,0,1,0,1
435,90,'1633',53,48,50,1,0,0,0,1,0,0,0,1,0,0,0,0,1,0,1,0
436,94,'4754',64,68,75,0,1,0,0,0,1,0,0,1,1,0,0,0,0,0,0,1
437,78,'8994',73,66,75,1,0,0,0,0,1,0,0,1,1,0,0,0,0,0,0,1
438,74,'9133',51,56,70,0,1,0,0,1,0,0,0,1,0,0,1,0,0,0,0,1
439,71,'9328',82,88,89,0,1,0,0,0,1,0,0,1,0,0,0,0,0,1,1,0
440,90,'6740',79,81,67,0,1,0,0,1,0,0,1,0,0,0,0,0,1,0,1,0
441,95,'7698',80,81,78,0,1,0,0,0,1,0,1,0,0,0,1,0,0,0,0,1
442,81,'9642',69,73,59,1,0,1,0,0,0,0,1,0,0,0,0,0,0,1,0,1
443,86,'9319',76,83,73,0,1,0,1,0,0,0,1,0,1,0,0,0,0,0,0,1
444,75,'4344',73,82,79,1,0,1,0,0,0,0,0,1,0,0,0,0,0,1,0,1
445,79,'1378',77,74,67,0,1,0,0,1,0,0,1,0,0,0,0,0,0,1,1,0
446,93,'9553',60,66,69,1,0,0,0,0,1,0,0,1,0,0,0,0,1,0,0,1
447,91,'2831',80,81,86,0,1,0,0,1,0,0,0,1,0,0,1,0,0,0,1,0
448,98,'0647',42,46,47,0,1,0,1,0,0,0,0,1,0,0,1,0,0,0,0,1
449,98,'8395',72,73,81,0,1,0,1,0,0,0,0,1,1,0,0,0,0,0,0,1
450,91,'5175',85,85,64,1,0,0,0,1,0,0,1,0,0,0,0,0,1,0,1,0
451,84,'5122',97,92,100,0,1,0,0,0,0,1,1,0,0,0,0,0,1,0,0,1
452,81,'0154',74,77,65,1,0,0,0,1,0,0,1,0,1,0,0,0,0,0,0,1
453,99,'3275',49,58,65,1,0,0,0,1,0,0,0,1,0,0,0,0,1,0,0,1
454,99,'0457',62,61,53,1,0,0,0,1,0,0,1,0,1,0,0,0,0,0,0,1
455,88,'4441',47,56,37,1,0,0,0,1,0,0,0,1,0,1,0,0,0,0,0,1
456,93,'8697',89,89,79,0,1,0,0,0,1,0,1,0,0,1,0,0,0,0,0,1
457,98,'1854',48,54,53,1,0,0,0,0,1,0,0,1,1,0,0,0,0,0,0,1
458,71,'0946',100,100,100,0,1,0,0,0,0,1,1,0,0,1,0,0,0,0,0,1
459,73,'7201',68,65,72,0,1,0,1,0,0,0,0,1,0,0,1,0,0,0,1,0
460,70,'1878',55,58,53,1,0,0,0,1,0,0,0,1,0,1,0,0,0,0,0,1
461,91,'5625',45,54,54,1,0,0,1,0,0,0,0,1,0,0,0,0,1,0,0,1
462,99,'6734',76,70,71,0,1,0,0,0,0,1,1,0,0,0,0,0,1,0,0,1
463,77,'6098',91,90,77,1,0,0,0,1,0,0,1,0,0,0,0,0,1,0,0,1
464,92,'1644',62,58,75,0,1,1,0,0,0,0,0,1,0,1,0,0,0,0,1,0
465,92,'2302',91,87,84,0,1,0,0,1,0,0,1,0,0,0,0,0,1,0,0,1
466,98,'4990',38,31,26,1,0,0,0,0,1,0,1,0,1,0,0,0,0,0,0,1
467,82,'8331',65,67,72,1,0,1,0,0,0,0,0,1,0,0,1,0,0,0,1,0
468,78,'5602',85,88,77,1,0,1,0,0,0,0,1,0,0,0,1,0,0,0,1,0
469,80,'2955',76,74,91,0,1,0,0,1,0,0,0,1,0,0,0,0,1,0,0,1
470,85,'3047',90,85,83,0,1,0,0,1,0,0,1,0,1,0,0,0,0,0,1,0
471,86,'6595',74,69,63,0,1,0,0,1,0,0,1,0,0,0,1,0,0,0,0,1
472,73,'6698',84,86,68,0,1,0,0,1,0,0,1,0,1,0,0,0,0,0,1,0
473,98,'8307',61,67,59,0,1,0,0,0,1,0,1,0,0,0,0,0,0,1,0,1
474,88,'0251',91,90,90,0,1,0,1,0,0,0,1,0,1,0,0,0,0,0,1,0
475,88,'1679',83,76,71,0,1,0,0,0,1,0,1,0,0,1,0,0,0,0,1,0
476,79,'8245',66,62,76,0,1,0,0,0,0,1,0,1,0,1,0,0,0,0,1,0
477,97,'2607',72,68,80,0,1,0,0,0,1,0,0,1,1,0,0,0,0,0,0,1
478,70,'0308',70,64,55,0,1,0,0,0,1,0,1,0,0,0,0,1,0,0,0,1
479,98,'2315',67,71,76,0,1,0,0,0,0,1,0,1,1,0,0,0,0,0,0,1
480,92,'8338',68,71,73,0,1,0,1,0,0,0,0,1,0,0,1,0,0,0,1,0
481,96,'7660',56,59,52,1,0,0,0,0,1,0,1,0,1,0,0,0,0,0,0,1
482,85,'7740',61,68,68,1,0,0,0,1,0,0,0,1,0,0,0,0,1,0,0,1
483,95,'2149',46,52,59,0,1,1,0,0,0,0,0,1,0,0,1,0,0,0,0,1
484,71,'1437',54,52,49,0,1,0,1,0,0,0,1,0,1,0,0,0,0,0,0,1
485,84,'5341',71,74,70,0,1,0,0,1,0,0,0,1,0,0,1,0,0,0,0,1
486,91,'3406',56,47,61,1,0,0,0,0,1,0,0,1,0,0,0,0,1,0,0,1
487,93,'2262',74,75,60,1,0,0,0,1,0,0,1,0,1,0,0,0,0,0,0,1
488,90,'6733',57,53,64,0,1,0,1,0,0,0,0,1,0,0,0,0,0,1,1,0
489,76,'2801',82,82,79,1,0,1,0,0,0,0,0,1,1,0,0,0,0,0,1,0
490,87,'5461',76,85,65,1,0,1,0,0,0,0,1,0,1,0,0,0,0,0,0,1
491,87,'4527',70,64,64,0,1,0,0,1,0,0,1,0,1,0,0,0,0,0,0,1
492,85,'6956',90,83,83,0,1,0,0,1,0,0,1,0,0,0,0,0,1,0,0,1
493,93,'0200',90,88,81,0,1,0,0,1,0,0,1,0,0,1,0,0,0,0,0,1
494,74,'4962',68,64,54,0,1,0,1,0,0,0,1,0,0,0,1,0,0,0,0,1
495,83,'1036',66,64,68,0,1,0,0,0,1,0,0,1,0,0,1,0,0,0,1,0
496,93,'5609',52,48,54,0,1,0,0,1,0,0,1,0,0,0,0,0,1,0,0,1
497,89,'4924',76,78,59,1,0,0,0,0,1,0,1,0,0,0,0,0,1,0,1,0
498,73,'2671',68,69,66,0,1,0,1,0,0,0,1,0,0,0,0,0,0,1,0,1
499,78,'1775',72,71,76,0,1,0,0,0,0,1,0,1,0,0,0,0,1,0,0,1
500,81,'3228',82,79,74,0,1,0,0,0,1,0,1,0,0,0,0,1,0,0,0,1
501,83,'0840',92,87,94,0,1,0,1,0,0,0,1,0,1,0,0,0,0,0,1,0
502,90,'1384',54,61,63,1,0,0,0,1,0,0,0,1,0,0,0,0,1,0,0,1
503,96,'1369',92,89,95,0,1,0,0,0,0,1,1,0,1,0,0,0,0,0,1,0
504,98,'3436',54,59,40,1,0,0,0,0,1,0,1,0,0,0,0,1,0,0,0,1
505,99,'2420',80,82,82,0,1,0,1,0,0,0,1,0,0,0,0,0,0,1,0,1
506,94,'9267',66,70,68,0,1,1,0,0,0,0,0,1,0,0,1,0,0,0,0,1
507,85,'4932',54,59,55,1,0,0,1,0,0,0,0,1,0,1,0,0,0,0,0,1
508,84,'5213',77,78,79,0,1,0,0,1,0,0,0,1,0,0,0,1,0,0,0,1
509,94,'6560',87,92,86,0,1,0,0,1,0,0,1,0,0,1,0,0,0,0,0,1
510,70,'0444',73,71,76,0,1,0,0,0,1,0,0,1,0,0,0,0,1,0,0,1
511,87,'2561',43,50,64,0,1,1,0,0,0,0,0,1,0,0,0,0,0,1,0,1
512,86,'1676',52,49,62,1,0,0,0,0,1,0,0,1,0,0,0,0,0,1,0,1
513,76,'3182',62,61,54,0,1,0,1,0,0,0,1,0,0,0,0,0,0,1,1,0
514,99,'6131',94,97,77,1,0,0,1,0,0,0,1,0,0,0,0,1,0,0,1,0
515,71,'9703',85,87,76,0,1,0,0,1,0,0,1,0,0,0,0,0,0,1,1,0
516,94,'5654',84,89,74,0,1,0,0,0,1,0,1,0,0,0,0,0,1,0,0,1
517,77,'0972',73,74,66,0,1,0,0,0,0,1,1,0,0,0,0,0,1,0,1,0
518,70,'9045',78,78,66,0,1,0,0,0,1,0,1,0,0,0,0,0,0,1,1,0
519,86,'0047',79,78,67,1,0,0,1,0,0,0,1,0,0,0,1,0,0,0,1,0
520,84,'7322',52,49,71,0,1,0,0,0,1,0,0,1,0,0,0,0,1,0,0,1
521,80,'6194',84,86,91,0,1,0,0,1,0,0,1,0,1,0,0,0,0,0,0,1
522,93,'3904',57,58,69,0,1,0,0,0,1,0,0,1,0,1,0,0,0,0,0,1
523,74,'5270',50,59,54,1,0,0,0,1,0,0,0,1,0,0,0,1,0,0,0,1
524,79,'7861',49,52,53,0,1,0,0,1,0,0,0,1,0,0,1,0,0,0,1,0
525,92,'6192',59,60,68,0,1,0,0,0,0,1,0,1,0,0,0,0,1,0,0,1
526,88,'2218',60,61,56,1,0,0,0,1,0,0,0,1,0,0,0,0,0,1,1,0
527,82,'1591',43,53,36,1,0,0,0,1,0,0,1,0,0,0,1,0,0,0,0,1
528,80,'5918',47,41,29,1,0,0,0,0,1,0,1,0,0,1,0,0,0,0,0,1
529,79,'5731',70,74,62,0,1,0,0,1,0,0,1,0,1,0,0,0,0,0,0,1
530,99,'2277',73,67,68,0,1,0,0,1,0,0,1,0,1,0,0,0,0,0,1,0
531,77,'8626',53,54,47,0,1,0,0,1,0,0,1,0,0,0,0,0,0,1,0,1
532,86,'3656',58,61,62,0,1,0,0,0,0,1,0,1,1,0,0,0,0,0,1,0
533,97,'3804',94,88,79,0,1,0,0,0,0,1,1,0,1,0,0,0,0,0,1,0
534,90,'2290',68,69,73,0,1,0,1,0,0,0,0,1,0,0,1,0,0,0,1,0
535,86,'1307',83,83,66,1,0,0,0,1,0,0,1,0,0,1,0,0,0,0,1,0
536,77,'2368',58,60,51,0,1,0,0,1,0,0,0,1,1,0,0,0,0,0,1,0
537,87,'1109',62,66,51,0,1,0,0,0,1,0,1,0,0,0,1,0,0,0,0,1
538,77,'4643',71,66,85,0,1,0,0,0,0,1,0,1,0,1,0,0,0,0,1,0
539,92,'4588',86,92,97,0,1,1,0,0,0,0,0,1,1,0,0,0,0,0,1,0
540,74,'8007',68,69,75,0,1,0,0,1,0,0,0,1,0,0,1,0,0,0,1,0
541,77,'7428',80,82,79,1,0,0,0,0,1,0,0,1,1,0,0,0,0,0,1,0
542,80,'4211',79,77,81,0,1,0,0,1,0,0,1,0,1,0,0,0,0,0,0,1
543,72,'7538',89,95,82,0,1,0,0,0,1,0,1,0,1,0,0,0,0,0,0,1
544,95,'0737',66,63,64,0,1,0,0,0,1,0,1,0,0,0,0,1,0,0,0,1
545,76,'8984',80,83,78,1,0,0,0,0,0,1,0,1,0,0,0,0,0,1,1,0
546,92,'4240',97,100,92,0,1,1,0,0,0,0,1,0,0,0,0,0,0,1,1,0
547,96,'4078',64,67,72,0,1,0,0,1,0,0,0,1,0,0,1,0,0,0,1,0
548,99,'0713',64,67,62,1,0,0,0,1,0,0,1,0,0,0,1,0,0,0,0,1
549,78,'3685',69,72,79,0,1,0,0,1,0,0,0,1,0,0,0,1,0,0,0,1
550,76,'9303',65,76,79,1,0,0,0,1,0,0,0,1,0,0,0,0,0,1,0,1
551,73,'1827',88,90,87,1,0,0,1,0,0,0,0,1,0,1,0,0,0,0,1,0
552,73,'2102',50,48,40,0,1,0,1,0,0,0,1,0,1,0,0,0,0,0,0,1
553,86,'1051',64,62,77,1,0,0,0,0,1,0,0,1,0,0,0,0,1,0,0,1
554,70,'3535',40,45,53,0,1,0,0,0,0,1,0,1,1,0,0,0,0,0,0,1
555,93,'9544',33,39,32,1,0,0,0,1,0,0,1,0,0,0,0,0,1,0,0,1
556,85,'4192',79,72,55,0,1,0,0,1,0,0,1,0,1,0,0,0,0,0,1,0
557,78,'3686',66,67,61,1,0,0,0,1,0,0,0,1,0,0,0,1,0,0,0,1
558,80,'3084',70,70,53,1,0,0,1,0,0,0,1,0,1,0,0,0,0,0,0,1
559,93,'4745',62,66,73,0,1,0,0,0,1,0,0,1,0,0,0,0,0,1,0,1
560,94,'4601',79,75,74,0,1,0,0,0,1,0,1,0,0,0,0,0,1,0,1,0
561,93,'8394',74,74,63,0,1,0,0,1,0,0,1,0,0,0,0,0,1,0,0,1
562,77,'5858',92,90,96,0,1,0,0,1,0,0,0,1,0,1,0,0,0,0,1,0
563,82,'3288',80,80,63,1,0,0,0,0,1,0,1,0,0,0,0,0,1,0,1,0
564,88,'3316',46,51,48,1,0,0,1,0,0,0,0,1,0,1,0,0,0,0,0,1
565,73,'7108',45,43,48,0,1,0,1,0,0,0,0,1,1,0,0,0,0,0,0,1
566,82,'4303',100,100,92,1,0,0,0,0,0,1,1,0,0,1,0,0,0,0,1,0
567,79,'1836',78,71,61,1,0,0,0,0,1,0,1,0,0,0,0,1,0,0,1,0
568,76,'5052',47,48,63,1,0,0,1,0,0,0,0,1,0,0,1,0,0,0,0,1
569,83,'7433',67,68,68,1,0,0,0,0,1,0,0,1,0,1,0,0,0,0,0,1
570,89,'8902',70,75,71,0,1,0,1,0,0,0,0,1,0,0,0,0,1,0,1,0
571,74,'6244',92,96,91,0,1,1,0,0,0,0,0,1,0,1,0,0,0,0,0,1
572,95,'2129',56,62,53,0,1,0,0,1,0,0,1,0,0,0,0,0,1,0,0,1
573,93,'1178',64,66,50,1,0,0,0,1,0,0,1,0,0,0,1,0,0,0,1,0
574,76,'0844',71,81,74,0,1,0,0,0,0,1,1,0,0,0,1,0,0,0,0,1
575,77,'6282',53,55,40,1,0,1,0,0,0,0,0,1,1,0,0,0,0,0,1,0
576,99,'8537',52,51,61,0,1,1,0,0,0,0,0,1,0,0,0,0,1,0,1,0
577,81,'4248',89,91,81,0,1,0,1,0,0,0,1,0,0,0,1,0,0,0,0,1
578,87,'2585',58,56,48,1,0,0,1,0,0,0,1,0,0,0,0,0,1,0,1,0
579,83,'0875',68,61,53,0,1,0,0,0,1,0,1,0,0,0,0,1,0,0,0,1
580,96,'9165',96,97,81,0,1,0,0,0,1,0,1,0,0,0,0,0,0,1,0,1
581,74,'9456',80,79,77,0,1,0,0,0,0,1,1,0,0,0,0,0,0,1,0,1
582,94,'0772',78,73,63,1,0,0,0,0,1,0,1,0,0,1,0,0,0,0,0,1
583,93,'0780',80,75,73,0,1,0,0,0,1,0,1,0,1,0,0,0,0,0,1,0
584,72,'1696',77,77,69,0,1,0,0,0,1,0,1,0,0,0,0,0,1,0,0,1
585,93,'6262',76,76,65,0,1,0,0,1,0,0,1,0,1,0,0,0,0,0,0,1
586,81,'5870',73,73,55,0,1,1,0,0,0,0,1,0,0,0,1,0,0,0,0,1
587,96,'5611',62,63,44,1,0,0,0,1,0,0,1,0,0,1,0,0,0,0,0,1
588,79,'0921',65,64,54,0,1,0,0,1,0,0,1,0,0,0,0,0,1,0,0,1
589,94,'1787',65,66,48,0,1,1,0,0,0,0,1,0,0,0,0,0,0,1,0,1
590,70,'5529',54,57,58,1,0,0,0,1,0,0,0,1,0,0,0,0,1,0,0,1
591,90,'5971',50,62,71,0,1,1,0,0,0,0,0,1,0,0,0,0,0,1,0,1
592,73,'9391',64,68,68,0,1,0,0,0,0,1,0,1,0,1,0,0,0,0,0,1
593,93,'7896',73,76,74,0,1,0,0,0,0,1,1,0,0,0,1,0,0,0,0,1
594,73,'1619',99,100,92,0,1,0,0,1,0,0,1,0,0,1,0,0,0,0,1,0
595,80,'5685',72,79,56,0,1,0,0,1,0,0,1,0,0,1,0,0,0,0,1,0
596,92,'0342',15,24,30,1,0,0,1,0,0,0,0,1,0,0,1,0,0,0,0,1
597,94,'5730',48,54,53,0,1,1,0,0,0,0,0,1,0,0,0,0,0,1,0,1
598,80,'9663',73,77,69,0,1,0,0,0,1,0,1,0,0,0,1,0,0,0,0,1
599,87,'9476',81,82,65,0,1,0,0,0,1,0,1,0,0,0,0,0,0,1,0,1
600,71,'7493',63,60,54,0,1,0,0,0,1,0,1,0,0,0,0,1,0,0,0,1
601,71,'6652',30,29,29,0,1,0,0,1,0,0,1,0,0,0,1,0,0,0,0,1
602,79,'4679',80,78,76,0,1,0,0,0,0,1,1,0,0,0,0,0,1,0,0,1
603,93,'5823',51,57,60,1,0,0,0,0,1,0,0,1,0,0,1,0,0,0,0,1
604,83,'9858',90,89,84,1,0,0,0,0,1,0,0,1,0,0,0,1,0,0,1,0
605,89,'0394',62,72,75,0,1,0,0,1,0,0,0,1,0,0,0,0,0,1,0,1
606,79,'7684',82,84,85,0,1,0,0,1,0,0,1,0,1,0,0,0,0,0,0,1
607,94,'4426',54,58,40,1,0,0,0,1,0,0,1,0,0,0,0,1,0,0,0,1
608,99,'4954',62,64,61,0,1,0,0,0,0,1,1,0,0,0,0,0,1,0,0,1
609,92,'7594',65,63,58,0,1,0,1,0,0,0,1,0,1,0,0,0,0,0,0,1
610,84,'4890',63,60,69,1,0,0,0,0,1,0,0,1,0,0,0,0,1,0,1,0
611,70,'8156',66,59,58,0,1,0,0,1,0,0,1,0,0,0,0,0,1,0,0,1
612,86,'6202',91,90,94,0,1,0,0,1,0,0,0,1,0,1,0,0,0,0,1,0
613,93,'1804',74,77,65,0,1,0,0,1,0,0,1,0,1,0,0,0,0,0,0,1
614,78,'6446',93,93,82,0,1,1,0,0,0,0,1,0,1,0,0,0,0,0,0,1
615,75,'1907',72,68,60,0,1,0,0,1,0,0,1,0,0,0,1,0,0,0,0,1
616,88,'5222',38,45,37,0,1,0,0,0,0,1,1,0,0,1,0,0,0,0,0,1
617,93,'9658',83,78,88,0,1,0,0,0,1,0,0,1,0,1,0,0,0,0,0,1
618,70,'9298',84,81,95,0,1,0,0,0,1,0,0,1,0,0,0,1,0,0,0,1
619,76,'1550',68,73,65,1,0,0,0,1,0,0,0,1,1,0,0,0,0,0,1,0
620,89,'8410',54,61,35,1,0,0,0,1,0,0,1,0,0,0,1,0,0,0,0,1
621,76,'0745',56,63,62,1,0,0,1,0,0,0,0,1,0,1,0,0,0,0,0,1
622,70,'7825',52,51,58,1,0,0,0,1,0,0,0,1,0,0,1,0,0,0,1,0
623,90,'8025',86,96,100,0,1,1,0,0,0,0,0,1,0,0,0,0,1,0,1,0
624,80,'3557',62,58,61,1,0,0,0,0,0,1,1,0,0,1,0,0,0,0,0,1
625,78,'5100',99,97,100,0,1,0,0,0,1,0,0,1,0,0,0,0,1,0,1,0
626,92,'2483',63,70,69,1,0,0,1,0,0,0,0,1,1,0,0,0,0,0,1,0
627,96,'0794',46,48,61,0,1,0,0,0,1,0,0,1,1,0,0,0,0,0,0,1
628,77,'2494',46,57,49,1,0,0,0,0,1,0,0,1,0,0,0,0,1,0,0,1
629,78,'7316',55,51,44,0,1,0,0,1,0,0,1,0,0,0,0,0,0,1,1,0
630,96,'8121',70,64,67,0,1,0,0,0,1,0,0,1,0,0,0,0,1,0,0,1
631,76,'8284',65,60,79,0,1,0,1,0,0,0,0,1,0,0,1,0,0,0,0,1
632,70,'3035',81,74,66,0,1,0,1,0,0,0,1,0,0,1,0,0,0,0,1,0
633,86,'4610',85,88,75,0,1,0,0,1,0,0,1,0,0,0,1,0,0,0,0,1
634,72,'0009',80,84,84,0,1,0,0,0,1,0,0,1,0,0,0,0,0,1,0,1
635,97,'9061',64,74,71,0,1,1,0,0,0,0,0,1,0,0,1,0,0,0,0,1
636,99,'5824',81,80,67,1,0,0,1,0,0,0,1,0,0,0,1,0,0,0,1,0
637,89,'7529',88,92,80,0,1,0,0,0,1,0,1,0,0,0,0,0,0,1,1,0
638,91,'9044',74,76,86,0,1,0,0,0,0,1,0,1,0,0,0,0,1,0,0,1
639,99,'6515',73,74,76,0,1,0,0,0,1,0,1,0,1,0,0,0,0,0,0,1
640,96,'4037',51,52,41,0,1,0,0,0,1,0,0,1,0,0,1,0,0,0,0,1
641,85,'6804',90,88,74,1,0,0,0,0,1,0,1,0,1,0,0,0,0,0,1,0
642,84,'4530',79,81,72,1,0,0,1,0,0,0,1,0,0,0,0,0,0,1,0,1
643,78,'4157',80,79,74,0,1,0,0,0,0,1,1,0,0,0,1,0,0,0,1,0
644,75,'3688',60,65,70,0,1,0,1,0,0,0,0,1,0,0,1,0,0,0,0,1
645,70,'2566',81,81,65,0,1,0,1,0,0,0,1,0,0,1,0,0,0,0,1,0
646,72,'0854',65,70,59,0,1,0,0,0,1,0,1,0,1,0,0,0,0,0,0,1
647,80,'6630',68,62,64,1,0,0,0,0,0,1,1,0,0,0,1,0,0,0,0,1
648,75,'0369',55,53,50,0,1,0,1,0,0,0,1,0,0,0,1,0,0,0,0,1
649,99,'7806',81,79,69,0,1,0,0,0,1,0,1,0,0,0,0,0,1,0,1,0
650,98,'8199',53,56,51,1,0,0,0,1,0,0,0,1,0,0,0,0,0,1,1,0
651,96,'1441',76,80,68,0,1,1,0,0,0,0,1,0,0,0,1,0,0,0,1,0
652,82,'4124',98,86,85,0,1,0,0,0,1,0,1,0,0,0,0,0,1,0,1,0
653,91,'3502',74,70,65,0,1,1,0,0,0,0,1,0,1,0,0,0,0,0,1,0
654,78,'1017',79,79,73,0,1,0,1,0,0,0,1,0,0,0,0,0,0,1,0,1
655,89,'3373',67,67,62,0,1,0,1,0,0,0,1,0,0,0,0,0,1,0,0,1
656,73,'9502',64,67,77,1,0,0,0,1,0,0,0,1,1,0,0,0,0,0,0,1
657,94,'6441',61,66,69,0,1,0,0,0,1,0,0,1,0,0,0,0,0,1,0,1
658,89,'2054',58,60,43,1,0,0,0,0,1,0,1,0,1,0,0,0,0,0,0,1
659,99,'7501',85,87,90,0,1,0,0,0,1,0,0,1,1,0,0,0,0,0,0,1
660,75,'7358',73,77,74,1,0,0,0,1,0,0,0,1,0,0,0,0,1,0,0,1
661,97,'7344',63,66,73,0,1,0,0,1,0,0,0,1,0,0,0,0,0,1,0,1
662,70,'8693',69,71,55,1,0,0,0,0,1,0,1,0,0,0,0,0,1,0,0,1
663,76,'3814',67,69,65,0,1,0,0,1,0,0,1,0,0,0,1,0,0,0,0,1
664,97,'7960',63,63,80,0,1,0,0,0,1,0,0,1,1,0,0,0,0,0,0,1
665,70,'9479',60,60,50,1,0,0,0,1,0,0,1,0,0,0,0,0,0,1,1,0
666,98,'8687',71,73,63,1,0,0,0,1,0,0,1,0,0,0,0,0,1,0,1,0
667,76,'7868',87,85,77,1,0,0,1,0,0,0,1,0,0,1,0,0,0,0,0,1
668,89,'0761',61,74,73,0,1,0,0,1,0,0,0,1,0,0,0,0,1,0,0,1
669,93,'4262',77,72,81,0,1,0,0,0,1,0,0,1,1,0,0,0,0,0,1,0
670,82,'3567',68,76,66,1,0,0,0,1,0,0,1,0,0,0,1,0,0,0,0,1
671,74,'9252',50,57,52,1,0,0,0,0,1,0,0,1,1,0,0,0,0,0,0,1
672,85,'8185',76,78,69,0,1,0,0,1,0,0,1,0,0,0,0,0,1,0,0,1
673,99,'5120',84,84,65,0,1,0,0,1,0,0,1,0,1,0,0,0,0,0,1,0
674,96,'7284',78,77,69,0,1,0,0,0,1,0,1,0,0,0,1,0,0,0,1,0
675,82,'4209',66,64,50,0,1,0,1,0,0,0,1,0,0,0,0,0,1,0,1,0
676,77,'3002',76,78,73,0,1,0,0,0,0,1,1,0,0,0,0,0,1,0,1,0
677,90,'3462',76,82,70,0,1,0,0,1,0,0,1,0,0,0,0,0,0,1,1,0
678,70,'0636',78,75,81,1,0,0,0,0,1,0,0,1,1,0,0,0,0,0,0,1
679,88,'6001',60,61,63,1,0,0,0,0,1,0,0,1,0,0,0,0,1,0,0,1
680,99,'8041',74,72,67,0,1,0,0,0,1,0,1,0,0,0,1,0,0,0,0,1
681,83,'1630',60,68,60,0,1,0,1,0,0,0,0,1,0,0,1,0,0,0,0,1
682,85,'2362',54,55,62,0,1,0,1,0,0,0,0,1,0,0,1,0,0,0,0,1
683,93,'8222',44,40,29,1,0,0,0,1,0,0,1,0,0,0,0,0,0,1,1,0
684,94,'5082',68,66,62,0,1,0,1,0,0,0,0,1,0,0,0,0,1,0,1,0
685,98,'7037',100,99,94,0,1,0,0,0,0,1,1,0,0,0,0,1,0,0,1,0
686,94,'9592',68,75,85,0,1,0,0,0,0,1,0,1,0,0,0,0,1,0,1,0
687,80,'4635',73,78,77,1,0,0,0,0,1,0,0,1,1,0,0,0,0,0,0,1
688,76,'4085',44,58,53,1,0,1,0,0,0,0,0,1,0,0,1,0,0,0,0,1
689,88,'3543',83,90,93,1,0,0,0,0,0,1,0,1,0,0,0,0,1,0,0,1
690,94,'9294',53,53,49,0,1,0,0,1,0,0,1,0,1,0,0,0,0,0,0,1
691,90,'3321',78,76,73,1,0,0,0,0,0,1,1,0,1,0,0,0,0,0,0,1
692,96,'6409',81,74,66,1,0,0,0,1,0,0,1,0,0,1,0,0,0,0,1,0
693,81,'8231',73,77,77,0,1,0,0,0,1,0,1,0,1,0,0,0,0,0,0,1
694,73,'9429',56,63,49,0,1,0,0,1,0,0,1,0,0,0,0,0,0,1,0,1
695,88,'2509',86,89,79,1,0,0,0,0,1,0,1,0,0,0,0,0,1,0,0,1
696,98,'3952',90,82,75,0,1,0,0,1,0,0,1,0,1,0,0,0,0,0,1,0
697,91,'0454',70,72,59,0,1,1,0,0,0,0,1,0,0,1,0,0,0,0,0,1
698,96,'3712',79,78,57,0,1,0,0,0,1,0,1,0,1,0,0,0,0,0,1,0
699,77,'1180',59,66,66,1,0,0,0,1,0,0,0,1,0,0,1,0,0,0,0,1
700,95,'5842',82,81,79,0,1,0,0,0,0,1,1,0,0,1,0,0,0,0,1,0
701,88,'4941',72,67,57,0,1,0,1,0,0,0,1,0,0,0,0,0,0,1,0,1
702,76,'9369',87,84,87,0,1,1,0,0,0,0,0,1,0,1,0,0,0,0,1,0
703,96,'4219',67,64,63,0,1,0,0,0,1,0,1,0,0,0,0,0,1,0,0,1
704,82,'8190',64,63,59,1,0,0,1,0,0,0,1,0,0,0,0,0,0,1,1,0
705,71,'0514',65,72,62,1,0,1,0,0,0,0,0,1,0,1,0,0,0,0,0,1
706,83,'3307',36,34,46,0,1,0,0,0,1,0,0,1,0,0,1,0,0,0,0,1
707,75,'4385',52,59,66,0,1,0,0,1,0,0,0,1,0,0,0,0,1,0,0,1
708,82,'5599',79,87,89,0,1,0,0,0,1,0,0,1,0,0,1,0,0,0,0,1
709,81,'9517',58,61,42,1,0,0,0,0,1,0,1,0,1,0,0,0,0,0,1,0
710,96,'2180',90,84,93,0,1,0,0,1,0,0,0,1,0,0,0,0,1,0,1,0
711,75,'3134',85,85,80,0,1,0,0,0,0,1,1,0,0,0,0,0,0,1,1,0
712,79,'8764',99,100,98,0,1,0,0,0,1,0,1,0,0,0,0,0,1,0,0,1
713,91,'5285',84,81,81,0,1,0,0,0,1,0,0,1,0,0,0,1,0,0,0,1
714,88,'2571',74,70,60,0,1,0,1,0,0,0,1,0,0,0,0,0,0,1,1,0
715,82,'0709',87,94,76,1,0,0,1,0,0,0,1,0,1,0,0,0,0,0,1,0
716,74,'4121',72,78,73,0,1,0,0,1,0,0,0,1,1,0,0,0,0,0,1,0
717,91,'9365',99,96,96,0,1,0,0,1,0,0,1,0,1,0,0,0,0,0,1,0
718,71,'6333',74,76,76,0,1,0,0,1,0,0,1,0,0,0,1,0,0,0,0,1
719,95,'4925',80,73,91,1,0,0,0,0,0,1,0,1,1,0,0,0,0,0,1,0
720,78,'2882',70,72,62,1,0,0,0,1,0,0,1,0,0,0,0,0,1,0,0,1
721,97,'4690',59,59,55,1,0,0,0,0,1,0,0,1,0,0,0,0,0,1,1,0
722,77,'1103',88,90,74,1,0,0,1,0,0,0,1,0,0,0,0,0,0,1,1,0
723,93,'2088',42,48,50,0,1,0,0,1,0,0,0,1,0,0,1,0,0,0,0,1
724,90,'5018',41,43,47,0,1,0,1,0,0,0,0,1,0,0,0,0,1,0,0,1
725,97,'6033',71,74,81,0,1,0,0,0,0,1,0,1,0,0,0,0,1,0,1,0
726,89,'8004',77,75,65,0,1,0,0,0,0,1,1,0,1,0,0,0,0,0,1,0
727,98,'7473',57,51,68,0,1,0,0,0,0,1,0,1,0,0,0,0,0,1,1,0
728,77,'3642',84,92,73,1,0,0,0,0,1,0,1,0,0,0,1,0,0,0,0,1
729,83,'3896',37,39,53,0,1,0,0,1,0,0,0,1,0,0,0,0,1,0,0,1
730,75,'8516',80,77,68,1,0,0,1,0,0,0,1,0,1,0,0,0,0,0,1,0
731,73,'1502',43,46,55,1,0,1,0,0,0,0,0,1,0,0,0,0,0,1,0,1
732,86,'6434',94,89,87,0,1,0,0,1,0,0,1,0,0,0,0,0,1,0,1,0
733,82,'9877',44,47,55,0,1,0,0,0,1,0,0,1,0,0,0,0,0,1,0,1
734,91,'0989',57,58,53,1,0,0,0,0,0,1,1,0,0,0,0,0,1,0,0,1
735,91,'8491',59,57,67,0,1,0,0,1,0,0,0,1,0,0,0,1,0,0,0,1
736,92,'5921',84,79,92,0,1,0,0,1,0,0,0,1,1,0,0,0,0,0,0,1
737,74,'1334',73,66,53,1,0,0,1,0,0,0,1,0,0,0,0,0,1,0,1,0
738,78,'5684',73,71,81,0,1,0,0,0,1,0,0,1,1,0,0,0,0,0,0,1
739,81,'2137',55,60,61,1,0,0,0,1,0,0,0,1,0,0,1,0,0,0,0,1
740,83,'9428',72,73,80,0,1,0,0,0,1,0,0,1,0,1,0,0,0,0,0,1
741,76,'6607',56,57,37,1,0,1,0,0,0,0,1,0,1,0,0,0,0,0,0,1
742,73,'1259',82,84,81,0,1,0,0,1,0,0,1,0,0,0,1,0,0,0,0,1
743,98,'3018',72,73,59,0,1,0,0,1,0,0,1,0,1,0,0,0,0,0,1,0
744,83,'2005',47,55,55,1,0,0,1,0,0,0,0,1,0,0,0,0,1,0,0,1
745,84,'0215',74,79,72,0,1,0,0,0,1,0,0,1,1,0,0,0,0,0,0,1
746,79,'9603',71,75,69,0,1,0,0,0,1,0,0,1,0,0,1,0,0,0,0,1
747,89,'9602',68,64,69,0,1,0,0,1,0,0,0,1,0,0,0,0,1,0,0,1
748,95,'9998',59,60,50,1,0,0,0,1,0,0,1,0,0,1,0,0,0,0,0,1
749,70,'3742',86,84,87,0,1,0,1,0,0,0,0,1,0,0,0,0,1,0,1,0
750,80,'9073',68,69,71,0,1,0,0,0,1,0,0,1,0,0,0,0,0,1,1,0
751,73,'3739',65,72,68,0,1,0,0,0,0,1,0,1,0,0,0,0,1,0,0,1
752,70,'0519',75,77,79,1,0,0,0,1,0,0,0,1,0,0,0,1,0,0,1,0
753,81,'1044',85,90,77,0,1,0,0,1,0,0,1,0,0,0,0,0,0,1,1,0
754,87,'2642',53,55,58,1,0,0,0,1,0,0,0,1,1,0,0,0,0,0,0,1
755,71,'2860',92,95,84,0,1,0,0,0,0,1,1,0,1,0,0,0,0,0,0,1
756,80,'8921',52,58,55,0,1,0,0,0,1,0,0,1,0,0,0,0,1,0,0,1
757,82,'7282',72,68,70,1,0,0,0,0,0,1,0,1,0,1,0,0,0,0,1,0
758,82,'8113',65,59,52,1,0,0,0,0,1,0,1,0,0,0,0,0,1,0,1,0
759,98,'2552',77,77,69,0,1,0,1,0,0,0,0,1,0,0,0,0,1,0,1,0
760,84,'2817',64,72,53,1,0,0,0,1,0,0,1,0,0,0,1,0,0,0,0,1
761,90,'1920',54,58,48,0,1,0,0,0,1,0,1,0,0,0,0,0,0,1,0,1
762,81,'0967',86,81,78,0,1,0,0,0,1,0,0,1,0,0,0,0,0,1,1,0
763,87,'4992',63,62,62,0,1,0,1,0,0,0,1,0,0,0,1,0,0,0,0,1
764,80,'9683',59,63,60,0,1,0,0,0,1,0,0,1,0,0,0,0,1,0,0,1
765,76,'5673',72,72,74,0,1,0,1,0,0,0,1,0,0,0,1,0,0,0,0,1
766,87,'6314',77,75,58,0,1,0,0,1,0,0,1,0,0,0,1,0,0,0,1,0
767,79,'0769',60,62,76,0,1,0,1,0,0,0,0,1,0,0,1,0,0,0,1,0
768,70,'5457',75,71,68,0,1,0,0,0,1,0,1,0,0,0,0,0,0,1,0,1
769,79,'7525',57,60,58,1,0,1,0,0,0,0,0,1,0,0,0,0,1,0,0,1
770,98,'9076',49,48,52,0,1,0,1,0,0,0,0,1,0,0,1,0,0,0,0,1
771,73,'3858',74,73,75,0,1,0,0,0,1,0,0,1,0,1,0,0,0,0,0,1
772,96,'9138',72,67,52,1,0,0,1,0,0,0,1,0,0,0,0,0,0,1,1,0
773,84,'8096',79,78,62,1,0,0,0,1,0,0,1,0,0,1,0,0,0,0,0,1
774,89,'1659',60,65,66,0,1,0,1,0,0,0,0,1,0,0,0,0,1,0,0,1
775,88,'9370',55,58,49,1,0,0,1,0,0,0,1,0,0,0,0,0,0,1,0,1
776,76,'9124',70,72,66,0,1,0,1,0,0,0,1,0,0,0,1,0,0,0,0,1
777,77,'7317',43,44,35,1,0,0,0,1,0,0,1,0,0,0,0,0,1,0,0,1
778,85,'5480',82,79,72,0,1,1,0,0,0,0,1,0,0,0,0,0,1,0,1,0
779,83,'3772',82,85,94,0,1,0,0,0,0,1,0,1,1,0,0,0,0,0,1,0
780,71,'4987',57,56,46,1,0,0,0,0,1,0,1,0,1,0,0,0,0,0,0,1
781,74,'5560',84,90,77,0,1,0,1,0,0,0,1,0,0,0,0,1,0,0,0,1
782,90,'8139',82,85,76,1,0,0,1,0,0,0,1,0,0,0,1,0,0,0,1,0
783,75,'5627',62,59,52,0,1,0,0,1,0,0,1,0,1,0,0,0,0,0,1,0
784,78,'9315',79,81,91,0,1,0,0,1,0,0,0,1,0,1,0,0,0,0,1,0
785,91,'2533',44,51,32,0,1,0,1,0,0,0,1,0,0,0,0,0,0,1,1,0
786,90,'5567',77,79,72,1,0,0,0,0,0,1,1,0,0,0,0,0,0,1,0,1
787,95,'3658',32,38,19,0,1,0,1,0,0,0,1,0,0,0,0,0,1,0,0,1
788,86,'3767',61,65,68,1,0,0,0,1,0,0,0,1,1,0,0,0,0,0,0,1
789,84,'2578',61,65,52,1,0,0,0,1,0,0,1,0,0,0,0,1,0,0,0,1
790,81,'9617',60,62,48,0,1,0,1,0,0,0,1,0,0,0,1,0,0,0,0,1
791,89,'5503',70,66,60,1,0,0,0,0,1,0,1,0,0,0,0,0,1,0,0,1
792,76,'3127',69,74,66,1,0,0,0,0,1,0,0,1,0,0,1,0,0,0,0,1
793,75,'2951',77,84,89,0,1,0,0,0,0,1,0,1,0,0,0,0,0,1,1,0
794,76,'1377',51,52,42,0,1,0,1,0,0,0,1,0,0,0,1,0,0,0,0,1
795,90,'7439',73,68,57,1,0,0,0,0,0,1,1,0,1,0,0,0,0,0,1,0
796,77,'8362',70,70,70,0,1,0,0,0,1,0,0,1,0,0,1,0,0,0,0,1
797,84,'0152',81,84,70,1,0,0,0,0,0,1,1,0,1,0,0,0,0,0,0,1
798,99,'7508',54,60,69,0,1,0,0,0,0,1,0,1,0,0,0,0,1,0,0,1
799,93,'8543',57,55,52,0,1,0,0,1,0,0,1,0,1,0,0,0,0,0,0,1
800,86,'1579',68,73,67,0,1,0,0,1,0,0,0,1,0,0,0,0,0,1,1,0
801,93,'2379',73,80,76,0,1,0,0,1,0,0,0,1,0,0,0,0,0,1,1,0
802,94,'1371',95,94,87,0,1,0,0,0,0,1,1,0,1,0,0,0,0,0,0,1
803,72,'5633',87,85,82,0,1,0,1,0,0,0,1,0,0,0,0,0,1,0,0,1
804,89,'8866',78,76,73,0,1,0,0,1,0,0,1,0,0,0,0,0,1,0,0,1
805,99,'1169',74,81,75,1,0,1,0,0,0,0,0,1,0,0,0,0,1,0,0,1
806,83,'8169',75,74,64,1,0,0,0,0,1,0,1,0,0,0,0,0,1,0,0,1
807,91,'2106',40,45,41,1,0,0,0,0,0,1,1,0,0,0,1,0,0,0,0,1
808,76,'4300',69,75,90,0,1,0,0,1,0,0,0,1,0,0,1,0,0,0,0,1
809,79,'2382',51,54,59,0,1,0,1,0,0,0,0,1,0,1,0,0,0,0,0,1
810,86,'6044',36,31,51,0,1,1,0,0,0,0,0,1,0,0,0,0,0,1,0,1
811,71,'2241',49,47,45,1,0,1,0,0,0,0,0,1,0,0,1,0,0,0,0,1
812,85,'2685',67,64,54,0,1,0,0,1,0,0,1,0,0,0,0,1,0,0,1,0
813,76,'6125',76,84,87,0,1,0,0,0,0,1,0,1,0,0,0,0,0,1,1,0
814,91,'1547',83,80,72,0,1,0,0,1,0,0,1,0,0,0,1,0,0,0,0,1
815,93,'6814',87,86,94,0,1,0,1,0,0,0,0,1,0,0,0,0,0,1,1,0
816,80,'0074',64,59,45,0,1,1,0,0,0,0,1,0,0,1,0,0,0,0,0,1
817,95,'7803',76,70,61,1,0,0,0,0,1,0,0,1,0,1,0,0,0,0,1,0
818,77,'0150',68,72,60,1,0,0,1,0,0,0,1,0,0,0,1,0,0,0,0,1
819,71,'8825',88,91,77,0,1,0,0,1,0,0,1,0,0,0,0,0,0,1,0,1
820,74,'2205',92,90,85,0,1,1,0,0,0,0,1,0,0,0,0,0,0,1,1,0
821,81,'1691',93,90,78,1,0,0,0,0,1,0,1,0,0,1,0,0,0,0,0,1
822,89,'9514',51,52,49,1,0,0,0,0,0,1,0,1,0,0,0,0,1,0,1,0
823,80,'7459',82,87,71,1,0,0,1,0,0,0,1,0,0,0,1,0,0,0,0,1
824,88,'9143',52,58,48,1,0,0,0,1,0,0,1,0,0,0,0,0,0,1,0,1
825,82,'9788',58,67,62,0,1,0,0,1,0,0,0,1,0,0,1,0,0,0,0,1
826,90,'9142',70,68,56,1,0,0,0,1,0,0,1,0,1,0,0,0,0,0,1,0
827,75,'2391',76,69,65,0,1,0,0,1,0,0,1,0,0,0,0,0,0,1,0,1
828,76,'3030',81,86,69,1,0,0,0,0,1,0,1,0,0,0,0,0,0,1,1,0
829,95,'5838',53,54,68,0,1,0,1,0,0,0,0,1,0,0,0,0,0,1,0,1
830,70,'6382',57,60,61,1,0,1,0,0,0,0,1,0,0,0,0,0,1,0,0,1
831,94,'0485',89,86,74,1,0,0,0,1,0,0,1,0,0,1,0,0,0,0,1,0
832,77,'6520',58,60,64,0,1,1,0,0,0,0,0,1,0,1,0,0,0,0,0,1
833,83,'4216',89,82,77,0,1,0,1,0,0,0,1,0,0,0,1,0,0,0,1,0
834,97,'0011',45,50,58,0,1,0,1,0,0,0,0,1,0,0,0,0,1,0,0,1
835,74,'9782',74,64,60,0,1,0,0,1,0,0,1,0,0,0,1,0,0,0,1,0
836,80,'4706',57,64,73,0,1,0,0,0,0,1,0,1,0,0,1,0,0,0,0,1
837,89,'5238',79,82,75,0,1,1,0,0,0,0,1,0,0,0,1,0,0,0,1,0
838,77,'3505',53,57,58,1,0,0,1,0,0,0,0,1,1,0,0,0,0,0,1,0
839,78,'6040',73,77,66,0,1,0,0,1,0,0,1,0,1,0,0,0,0,0,0,1
840,72,'6293',46,52,39,1,0,0,0,0,1,0,1,0,0,0,1,0,0,0,0,1
841,93,'2680',51,58,64,0,1,0,0,1,0,0,0,1,0,0,0,0,0,1,0,1
842,75,'3386',36,44,23,1,0,0,1,0,0,0,1,0,0,0,1,0,0,0,1,0
843,83,'8505',76,77,74,1,0,0,1,0,0,0,0,1,0,0,0,0,1,0,1,0
844,70,'1517',64,65,40,1,0,0,0,0,1,0,1,0,0,0,0,0,0,1,1,0
845,87,'6324',84,85,90,0,1,0,0,0,0,1,0,1,0,0,0,1,0,0,0,1
846,76,'0568',85,85,91,0,1,0,0,1,0,0,0,1,0,0,0,1,0,0,1,0
847,96,'4945',50,54,64,0,1,0,0,0,1,0,0,1,0,0,1,0,0,0,0,1
848,70,'3146',68,72,59,0,1,0,0,1,0,0,1,0,0,0,1,0,0,0,0,1
849,70,'2956',69,75,80,0,1,0,0,0,1,0,0,1,1,0,0,0,0,0,0,1
850,80,'6072',67,67,71,0,1,0,0,1,0,0,0,1,0,0,0,1,0,0,0,1
851,94,'3210',63,68,61,0,1,1,0,0,0,0,1,0,0,0,1,0,0,0,0,1
852,75,'5214',93,85,87,0,1,0,0,0,0,1,1,0,0,0,0,0,1,0,0,1
853,86,'3942',61,67,82,0,1,0,0,0,0,1,0,1,0,0,0,0,0,1,0,1
854,75,'2034',55,64,62,0,1,0,0,1,0,0,0,1,0,0,0,0,0,1,0,1
855,86,'0740',96,97,97,0,1,0,1,0,0,0,1,0,0,1,0,0,0,0,0,1
856,71,'3780',65,68,75,1,0,0,1,0,0,0,0,1,0,0,0,0,1,0,0,1
857,73,'0919',81,79,65,0,1,0,0,1,0,0,1,0,0,1,0,0,0,0,0,1
858,82,'3951',46,49,52,0,1,0,1,0,0,0,0,1,0,0,1,0,0,0,1,0
859,90,'3179',72,73,87,1,0,0,0,1,0,0,0,1,1,0,0,0,0,0,0,1
860,70,'8587',53,62,53,0,1,0,0,1,0,0,1,0,1,0,0,0,0,0,0,1
861,92,'9897',87,86,81,1,0,0,0,0,0,1,1,0,0,0,0,1,0,0,0,1
862,93,'5256',38,42,39,1,0,0,0,0,1,0,0,1,0,1,0,0,0,0,1,0
863,95,'4067',80,71,71,0,1,0,0,1,0,0,1,0,0,0,0,0,1,0,1,0
864,86,'0957',91,93,97,0,1,0,0,1,0,0,0,1,1,0,0,0,0,0,0,1
865,97,'7168',88,82,82,0,1,0,0,0,1,0,0,1,0,0,0,0,1,0,1,0
866,71,'5626',52,53,59,1,0,0,0,1,0,0,0,1,0,0,1,0,0,0,0,1
867,95,'7634',41,42,61,0,1,0,1,0,0,0,0,1,1,0,0,0,0,0,0,1
868,71,'8628',72,74,78,1,0,0,0,0,0,1,0,1,1,0,0,0,0,0,1,0
869,93,'6847',51,51,49,1,0,0,0,1,0,0,0,1,1,0,0,0,0,0,0,1
870,71,'0682',47,58,59,0,1,0,1,0,0,0,0,1,0,0,1,0,0,0,0,1
871,78,'9813',76,72,70,0,1,0,0,1,0,0,1,0,0,0,0,0,1,0,1,0
872,82,'0835',78,84,82,0,1,0,1,0,0,0,0,1,1,0,0,0,0,0,1,0
873,92,'2935',82,90,90,1,0,0,0,0,0,1,0,1,1,0,0,0,0,0,0,1
874,82,'5131',61,62,43,1,0,0,0,1,0,0,1,0,0,1,0,0,0,0,0,1
875,76,'5240',66,64,80,1,0,0,0,1,0,0,0,1,0,0,0,0,1,0,0,1
876,82,'0608',84,82,81,0,1,0,0,0,1,0,0,1,0,0,0,0,1,0,0,1
877,86,'4993',54,61,57,0,1,0,0,1,0,0,0,1,0,0,0,0,0,1,0,1
878,77,'5414',80,72,59,0,1,0,0,0,1,0,1,0,0,0,0,0,0,1,0,1
879,85,'2527',74,76,64,0,1,0,0,0,1,0,1,0,1,0,0,0,0,0,0,1
880,85,'0593',66,64,63,0,1,0,0,1,0,0,0,1,0,1,0,0,0,0,1,0
881,78,'1055',70,70,71,0,1,0,0,0,0,1,1,0,0,1,0,0,0,0,1,0
882,88,'9090',71,73,64,1,0,0,1,0,0,0,1,0,0,0,1,0,0,0,0,1
883,72,'6839',44,46,55,1,0,0,0,0,1,0,0,1,0,1,0,0,0,0,0,1
884,89,'8150',54,51,51,0,1,0,0,0,0,1,1,0,1,0,0,0,0,0,0,1
885,71,'4680',80,76,62,0,1,0,0,1,0,0,1,0,1,0,0,0,0,0,1,0
886,83,'4151',95,100,93,0,1,0,0,0,0,1,1,0,1,0,0,0,0,0,1,0
887,74,'0376',59,72,54,1,0,0,0,1,0,0,0,1,0,0,1,0,0,0,0,1
888,78,'6052',74,65,69,1,0,0,0,0,1,0,1,0,0,0,0,0,1,0,0,1
889,96,'3330',48,51,44,1,0,0,0,0,1,0,0,1,0,0,1,0,0,0,0,1
890,70,'5734',91,85,86,0,1,0,0,0,0,1,1,0,0,0,0,0,1,0,1,0
891,87,'6512',85,92,85,0,1,0,0,0,0,1,1,0,1,0,0,0,0,0,0,1
892,71,'9421',73,67,50,1,0,1,0,0,0,0,1,0,0,0,0,1,0,0,0,1
893,71,'9269',75,74,88,0,1,0,0,0,1,0,0,1,0,0,0,0,0,1,1,0
894,80,'0805',69,62,59,0,1,0,0,0,0,1,1,0,1,0,0,0,0,0,0,1
895,86,'3085',38,34,32,1,0,0,0,0,0,1,1,0,0,0,0,0,0,1,0,1
896,76,'7904',27,29,36,1,0,0,1,0,0,0,0,1,0,0,1,0,0,0,0,1
897,98,'5346',79,78,63,1,0,0,1,0,0,0,1,0,0,0,0,0,0,1,1,0
898,82,'6078',63,54,67,0,1,0,0,0,1,0,0,1,1,0,0,0,0,0,1,0
899,86,'6345',82,78,65,0,1,0,0,0,1,0,1,0,0,0,0,0,0,1,1,0
900,75,'5518',89,84,85,0,1,0,0,0,1,0,0,1,0,0,0,1,0,0,0,1
901,87,'3530',74,78,73,0,1,0,0,1,0,0,1,0,0,0,0,1,0,0,0,1
902,76,'1617',41,48,34,1,0,1,0,0,0,0,1,0,0,0,1,0,0,0,1,0
903,90,'7767',100,100,93,1,0,0,0,0,1,0,1,0,0,1,0,0,0,0,1,0
904,70,'1823',84,84,67,1,0,0,0,0,1,0,1,0,0,0,0,0,0,1,0,1
905,89,'3395',77,77,88,0,1,0,0,0,1,0,0,1,0,0,0,0,1,0,0,1
906,75,'4087',51,48,57,0,1,0,1,0,0,0,0,1,0,0,1,0,0,0,0,1
907,79,'0100',91,84,79,0,1,0,0,0,1,0,1,0,0,0,0,0,1,0,1,0
908,78,'2028',72,75,67,1,0,0,0,1,0,0,1,0,0,1,0,0,0,0,0,1
909,94,'5843',70,64,70,0,1,0,0,0,0,1,0,1,0,1,0,0,0,0,1,0
910,79,'7540',48,42,50,1,0,0,0,0,1,0,0,1,0,1,0,0,0,0,0,1
911,78,'4734',82,84,69,0,1,1,0,0,0,0,1,0,0,0,0,0,1,0,0,1
912,72,'2453',66,61,52,0,1,0,0,1,0,0,1,0,0,1,0,0,0,0,1,0
913,85,'6113',66,62,47,1,0,0,0,1,0,0,1,0,0,1,0,0,0,0,1,0
914,87,'8057',55,61,46,1,0,0,1,0,0,0,1,0,1,0,0,0,0,0,0,1
915,97,'4794',66,70,68,0,1,0,0,0,0,1,1,0,0,0,0,0,1,0,0,1
916,70,'9554',100,100,100,0,1,0,0,0,0,1,0,1,0,1,0,0,0,0,1,0
917,75,'6767',52,61,44,0,1,0,0,1,0,0,1,0,0,0,1,0,0,0,0,1
918,72,'4563',80,77,57,0,1,0,0,1,0,0,1,0,1,0,0,0,0,0,1,0
919,81,'5524',91,96,91,0,1,0,1,0,0,0,0,1,0,0,0,0,1,0,1,0
920,95,'6861',67,70,69,1,0,0,0,0,1,0,0,1,0,0,1,0,0,0,0,1
921,99,'3562',46,53,35,1,0,0,0,1,0,0,1,0,0,0,1,0,0,0,0,1
922,97,'5693',66,66,72,0,1,0,0,0,1,0,0,1,0,0,1,0,0,0,0,1
923,79,'7160',65,65,54,1,0,0,1,0,0,0,1,0,1,0,0,0,0,0,0,1
924,82,'0390',69,70,74,1,0,0,0,0,1,0,0,1,0,0,1,0,0,0,0,1
925,72,'1157',60,64,74,0,1,0,0,0,0,1,0,1,0,0,0,0,0,1,1,0
926,90,'4104',52,56,64,1,0,0,0,0,0,1,0,1,1,0,0,0,0,0,0,1
927,74,'7279',71,61,65,1,0,0,0,0,1,0,1,0,0,0,1,0,0,0,1,0
928,87,'2583',44,43,46,1,0,0,0,0,0,1,0,1,1,0,0,0,0,0,1,0
929,85,'7373',51,56,48,1,0,0,0,1,0,0,1,0,0,0,0,0,0,1,0,1
930,89,'2564',70,74,67,1,0,0,0,1,0,0,0,1,0,0,0,0,1,0,1,0
931,70,'1724',62,57,62,1,0,0,0,0,1,0,0,1,0,0,0,0,1,0,0,1
932,74,'9201',73,71,61,1,0,0,0,0,1,0,0,1,1,0,0,0,0,0,1,0
933,72,'6870',74,75,70,1,0,0,0,1,0,0,0,1,0,1,0,0,0,0,1,0
934,83,'8995',90,87,98,0,1,0,0,1,0,0,0,1,1,0,0,0,0,0,1,0
935,97,'6587',58,63,70,1,0,0,0,0,1,0,0,1,0,0,0,0,1,0,0,1
936,74,'9501',53,57,67,0,1,1,0,0,0,0,0,1,1,0,0,0,0,0,0,1
937,91,'5679',57,58,57,1,0,0,0,0,0,1,1,0,0,0,1,0,0,0,0,1
938,79,'9585',85,81,85,0,1,0,0,0,1,0,0,1,0,0,0,0,1,0,1,0
939,78,'4207',69,68,77,0,1,0,0,0,1,0,0,1,0,0,0,0,0,1,1,0
940,86,'4337',72,66,72,1,0,0,0,1,0,0,0,1,0,0,0,1,0,0,1,0
941,73,'2792',96,91,78,0,1,0,0,0,1,0,1,0,0,0,0,1,0,0,0,1
942,77,'1088',64,66,81,0,1,0,0,1,0,0,0,1,0,0,1,0,0,0,0,1
943,80,'8201',61,62,61,1,0,1,0,0,0,0,0,1,0,0,0,0,0,1,1,0
944,71,'3476',61,68,58,0,1,0,1,0,0,0,1,0,0,0,1,0,0,0,0,1
945,86,'5205',58,61,54,0,1,0,0,1,0,0,1,0,1,0,0,0,0,0,0,1
946,99,'0432',80,82,82,0,1,0,1,0,0,0,0,1,0,0,1,0,0,0,0,1
947,79,'7546',60,58,49,1,0,0,0,0,1,0,1,0,0,0,0,0,1,0,0,1
948,70,'1786',52,50,49,1,0,0,1,0,0,0,0,1,0,0,0,0,0,1,1,0
949,78,'8285',73,75,57,1,0,0,0,0,0,1,1,0,0,0,1,0,0,0,1,0
950,75,'2981',71,73,94,0,1,0,0,0,0,1,0,1,0,0,1,0,0,0,0,1
951,84,'4222',83,77,75,0,1,0,0,0,1,0,1,0,0,0,0,0,1,0,1,0
952,94,'0714',72,74,74,1,0,0,0,0,0,1,1,0,0,0,0,0,0,1,0,1
953,99,'0583',54,52,58,0,1,0,0,1,0,0,0,1,0,0,1,0,0,0,1,0
954,71,'2075',69,69,62,0,1,0,0,1,0,0,1,0,0,0,0,0,1,0,0,1
955,91,'4054',62,57,72,0,1,0,0,0,0,1,0,1,1,0,0,0,0,0,0,1
956,90,'4674',81,87,84,0,1,0,0,1,0,0,0,1,0,0,0,0,1,0,0,1
957,82,'3977',100,100,92,0,1,0,0,0,1,0,1,0,0,0,0,1,0,0,0,1
958,92,'6367',59,63,45,0,1,0,0,0,1,0,1,0,0,0,1,0,0,0,0,1
959,81,'7545',71,81,75,0,1,0,0,1,0,0,0,1,0,0,1,0,0,0,0,1
960,95,'9174',64,58,56,0,1,1,0,0,0,0,1,0,0,0,0,0,1,0,0,1
961,93,'7722',53,54,48,1,0,0,0,0,1,0,1,0,0,0,0,0,0,1,0,1
962,95,'3933',100,100,100,0,1,0,0,0,0,1,1,0,1,0,0,0,0,0,0,1
963,88,'8477',75,76,65,1,0,0,0,1,0,0,1,0,0,0,0,0,0,1,1,0
964,70,'0135',58,57,72,0,1,0,0,0,1,0,0,1,0,0,0,0,1,0,0,1
965,83,'6550',72,70,62,0,1,0,0,0,1,0,1,0,0,0,0,0,1,0,0,1
966,90,'4707',64,68,66,0,1,1,0,0,0,0,0,1,0,0,0,0,0,1,1,0
967,79,'5136',60,63,63,0,1,0,0,1,0,0,0,1,0,0,0,0,1,0,0,1
968,95,'7974',67,76,68,0,1,0,0,0,0,1,1,0,1,0,0,0,0,0,0,1
969,87,'3721',80,84,75,0,1,0,1,0,0,0,1,0,0,1,0,0,0,0,0,1
970,98,'2915',100,100,89,0,1,0,0,0,1,0,1,0,0,1,0,0,0,0,0,1
971,90,'3455',69,72,78,0,1,0,0,1,0,0,0,1,0,0,0,0,0,1,1,0
972,78,'5464',60,50,53,1,0,1,0,0,0,0,1,0,0,0,1,0,0,0,1,0
973,72,'7714',61,65,49,1,0,0,0,0,1,0,1,0,0,0,0,0,1,0,0,1
974,78,'0763',67,63,54,0,1,1,0,0,0,0,1,0,0,0,0,0,1,0,0,1
975,93,'2156',77,82,64,0,1,0,0,1,0,0,1,0,0,0,0,0,1,0,1,0
976,92,'0758',60,62,60,1,0,0,1,0,0,0,0,1,0,0,0,0,1,0,1,0
977,87,'6319',58,65,62,0,1,0,0,1,0,0,0,1,1,0,0,0,0,0,0,1
978,93,'3109',48,41,55,0,1,0,0,0,1,0,0,1,0,0,1,0,0,0,1,0
979,94,'2919',94,95,91,0,1,0,0,1,0,0,1,0,1,0,0,0,0,0,0,1
980,71,'6417',23,24,8,1,0,0,1,0,0,0,1,0,0,0,1,0,0,0,0,1
981,88,'6647',78,78,81,0,1,0,0,0,1,0,0,1,0,0,0,0,0,1,0,1
982,74,'7449',86,85,79,0,1,0,1,0,0,0,0,1,0,0,0,0,0,1,1,0
983,72,'6248',91,87,78,0,1,1,0,0,0,0,1,0,0,0,0,0,1,0,1,0
984,96,'6910',82,75,74,0,1,0,0,1,0,0,1,0,0,0,0,0,0,1,0,1
985,82,'2446',54,51,57,0,1,1,0,0,0,0,0,1,0,0,1,0,0,0,0,1
986,75,'8649',51,59,40,0,1,0,0,1,0,0,1,0,1,0,0,0,0,0,0,1
987,82,'5973',76,75,81,0,1,0,0,0,0,1,0,1,0,0,0,0,0,1,1,0
988,92,'9454',45,45,44,1,0,1,0,0,0,0,1,0,0,0,0,0,0,1,0,1
989,91,'2601',83,86,67,1,0,0,0,0,1,0,1,0,0,0,0,0,1,0,1,0
990,74,'5881',75,81,86,1,0,0,0,0,0,1,0,1,0,0,1,0,0,0,1,0
991,88,'0859',78,82,65,0,1,0,1,0,0,0,1,0,0,0,0,0,0,1,1,0
992,98,'0771',76,76,55,1,0,0,0,0,1,0,1,0,1,0,0,0,0,0,0,1
993,70,'6604',74,72,62,1,0,0,0,0,1,0,1,0,0,1,0,0,0,0,0,1
994,83,'4445',62,63,63,0,1,1,0,0,0,0,0,1,0,0,1,0,0,0,0,1
995,70,'8533',95,99,88,0,1,0,0,0,0,1,1,0,0,0,0,1,0,0,1,0
996,96,'3840',55,55,62,1,0,0,0,1,0,0,0,1,0,0,1,0,0,0,0,1
997,70,'1925',65,71,59,1,0,0,0,1,0,0,1,0,0,0,1,0,0,0,1,0
998,74,'4879',77,78,68,0,1,0,0,0,1,0,1,0,0,0,0,0,1,0,1,0
999,98,'4697',86,86,77,1,0,0,0,0,1,0,1,0,0,0,0,0,1,0,0,1
