16 68 10 53 24 44 94 20 93 83 77 71 47 92 63 17 28 46 43 45 96 15 78 19 5 55 76 93 6 2 25 38 0 51 18 86 71 1 35 71 84 32 18 4 49 82 95 16 53 47 92 42 42 38 75 11 55 21 92 80 24 14 60 1 61 35 68 98 3 38 83 6 30 92 33 7 14 56 43 21 15 26 8 21 59 84 40 70 79 6 55 18 45 33 61 14 29 83 72 34
63 84 51 56 91 44 65 57 36 85 7 23 25 97 54 78 25 92 39 81 44 26 88 88 15 24 75 28 20 25 93 93 37 78 68 98 79 83 7 15 22 81 68 40 97 97 67 38 89 100 27 90 49 75 21 60 82 65 23 82 5 95 92 73 38 5 81 100 88 54 66 68 15 60 7 89 94 21 54 17 88 61 27 62 71 31 55 22 81 40 71 0 50 52 24 35 22 55 29 50
22 77 90 36 54 47 61 96 30 77 35 54 100 47 58 62 49 56 78 7 69 44 9 92 49 12 43 98 9 37 15 32 38 19 19 17 18 37 76 11 59 74 89 60 31 44 31 2 33 52 90 59 17 2 75 87 78 62 100 27 49 24 92 85 19 27 69 13 94 13 56 99 85 43 54 75 97 29 39 59 53 38 27 92 39 67 87 66 95 25 47 16 34 94 6 57 25 91 45 18
70 33 70 99 14 71 24 48 22 66 1 27 47 99 18 44 17 58 8 47 67 27 1 70 49 21 72 70 85 70 44 60 12 91 98 47 33 40 91 7 18 6 78 11 58 81 100 59 30 95 44 79 40 37 26 73 47 25 58 2 39 81 90 37 40 11 72 61 35 14 78 100 9 46 88 63 49 23 23 79 31 0 34 98 91 53 89 91 23 1 53 38 29 77 96 58 58 7 98 32
9 84 53 37 76 84 61 95 68 33 18 30 71 35 72 79 26 21 1 38 96 9 5 0 2 92 15 93 6 70 15 81 86 64 69 23 71 58 48 84 23 12 60 94 27 39 60 16 29 76 27 21 33 31 9 16 79 72 38 56 8 89 64 36 90 90 18 13 80 24 44 55 69 67 50 20 40 0 57 23 85 47 59 69 49 97 93 87 88 6 57 51 30 34 0 44 40 26 30 31
85 57 66 79 43 92 51 32 48 67 39 52 24 99 72 98 80 82 68 1 99 9 33 90 34 68 54 82 76 71 16 81 32 39 43 36 45 52 32 35 9 83 75 91 25 22 6 86 64 84 90 45 57 34 7 18 93 73 72 71 59 51 63 62 28 30 81 28 98 30 6 28 7 83 98 39 51 86 87 72 27 84 27 99 57 57 82 46 13 1 63 42 63 72 93 38 95 71 80 86
91 18 7 64 51 66 11 53 31 71 73 95 20 10 16 65 23 4 4 26 32 35 67 5 50 57 30 29 81 83 96 84 22 10 33 53 3 81 33 82 47 31 97 48 45 75 7 65 58 9 76 39 21 59 50 96 66 48 44 58 36 44 23 100 21 84 83 2 26 79 34 44 40 40 33 38 3 20 58 78 76 38 44 39 79 45 96 22 4 49 56 79 28 86 38 2 64 13 0 39
60 13 64 18 38 11 74 34 49 31 3 31 76 74 1 21 74 13 72 42 54 14 13 41 8 84 65 18 28 32 16 26 6 98 72 42 66 92 30 38 86 71 9 97 42 52 61 50 80 60 44 73 92 59 18 80 47 10 32 54 55 64 46 11 60 79 20 30 95 33 97 83 12 25 87 0 92 9 59 79 26 89 100 47 89 26 16 30 48 19 53 78 66 27 27 32 80 16 76 87
98 82 13 47 67 10 81 31 73 28 35 25 43 66 27 82 46 50 36 56 7 68 47 92 95 51 56 63 53 22 34 65 76 78 95 0 62 84 92 49 74 69 47 66 93 76 48 40 76 31 62 97 45 71 96 66 52 31 8 92 94 18 52 93 26 70 78 76 7 34 37 38 76 81 63 73 24 75 100 35 8 22 99 71 88 8 18 12 16 37 65 96 62 56 21 78 34 8 19 71
56 20 2 17 36 32 62 13 53 16 86 1 64 94 78 19 27 4 69 0 66 40 25 68 48 95 10 35 53 66 95 25 19 83 83 90 72 65 90 43 14 86 76 48 3 19 73 31 6 90 50 0 36 30 55 45 60 29 64 98 40 39 26 28 84 39 74 86 17 47 71 17 8 26 85 56 54 60 67 71 45 67 55 56 4 40 94 65 92 21 4 80 26 97 54 21 10 10 2 19
68 94 9 40 64 71 50 44 90 86 1 33 33 77 59 10 85 49 87 87 56 28 3 56 50 24 9 96 9 2 9 10 73 32 14 65 65 83 87 14 1 45 93 75 77 33 47 75 36 43 80 43 69 72 62 89 15 26 77 21 37 36 73 13 25 78 52 18 23 58 35 53 44 38 72 20 42 100 39 1 71 77 11 4 93 98 7 18 100 49 25 56 69 60 47 10 35 21 68 76
67 74 80 45 57 58 33 72 3 24 64 24 38 51 44 65 62 89 16 39 84 82 9 46 82 89 79 79 42 37 90 16 82 49 56 71 57 7 56 49 39 25 77 91 3 17 24 36 50 85 52 48 71 59 98 50 88 77 62 12 73 32 45 77 31 29 86 85 73 78 13 22 53 51 84 3 75 92 20 46 26 34 46 6 58 57 93 57 96 58 9 2 39 8 96 60 89 86 25 62
35 94 68 63 24 27 72 90 72 35 30 62 17 39 74 12 21 6 82 33 8 92 52 67 36 20 60 74 1 36 19 33 31 94 23 84 28 12 49 68 53 64 99 61 72 86 22 5 27 33 43 68 94 19 57 61 81 34 78 55 24 43 55 45 3 59 37 44 84 53 28 5 78 87 94 35 59 54 88 81 37 35 45 70 77 35 7 73 4 79 63 17 17 42 66 90 65 91 82 81
94 56 94 87 14 49 81 5 98 87 55 10 23 50 3 56 60 44 20 5 14 99 51 65 51 82 97 47 4 28 18 97 31 24 38 90 10 91 51 64 16 73 50 8 37 36 72 35 67 6 19 63 26 26 7 53 38 91 10 92 82 15 86 14 40 71 22 77 75 97 79 57 82 14 75 46 43 54 66 7 93 3 0 29 97 52 88 74 6 1 64 92 99 65 91 85 51 71 96 2
10 81 17 77 64 85 3 81 5 51 88 30 8 78 81 9 85 52 20 78 86 61 21 99 4 55 50 10 98 67 5 1 94 26 19 90 59 6 2 9 61 82 85 13 2 65 84 52 91 47 20 12 63 84 81 19 71 19 93 48 7 41 88 98 83 33 41 7 13 17 96 13 48 27 43 34 13 56 91 97 57 11 42 29 15 12 52 11 13 7 85 65 69 64 13 20 75 82 80 20
84 60 72 80 84 42 74 4 95 62 33 80 90 54 47 28 97 75 64 70 80 49 21 85 96 30 79 63 57 70 8 68 7 7 20 6 2 98 42 97 2 42 72 67 6 34 93 78 49 18 39 31 37 41 15 10 40 41 86 92 99 82 43 27 97 67 79 67 69 79 97 4 78 49 15 35 100 83 8 50 28 6 82 30 5 86 68 7 71 85 56 17 70 8 79 10 15 8 95 1
47 87 96 94 11 14 13 66 53 17 84 42 70 95 68 88 78 60 29 35 74 2 75 58 77 11 69 25 25 30 58 93 50 53 86 78 69 13 19 59 52 28 30 76 41 48 82 46 56 70 98 29 0 29 70 53 92 54 58 59 87 94 42 16 97 0 27 39 28 3 92 100 39 58 96 88 81 54 66 86 92 96 16 99 35 81 47 20 87 59 49 28 52 18 15 38 7 82 99 27
1 78 72 34 31 14 80 73 53 45 94 82 85 61 26 11 74 31 27 7 89 96 1 82 98 2 51 94 88 85 6 64 23 3 18 25 51 68 95 37 86 39 35 7 31 52 42 33 40 33 20 75 91 16 65 68 25 36 33 2 7 73 44 35 46 84 32 80 96 79 5 89 99 91 92 44 25 72 26 32 3 68 82 64 41 21 24 1 43 34 93 69 19 93 87 12 98 70 16 42
54 87 38 41 44 85 69 54 82 39 55 34 21 60 44 91 47 44 69 20 94 67 98 19 23 89 91 69 78 40 55 93 21 5 12 51 8 13 90 40 31 8 89 100 25 6 56 84 29 90 93 10 72 51 88 65 71 26 43 69 77 85 47 78 57 36 58 21 9 18 98 21 44 88 86 59 89 12 38 83 99 1 99 58 85 59 14 55 54 83 86 34 89 31 45 97 74 90 54 7
41 98 22 19 38 45 24 52 10 83 66 9 13 15 28 98 87 71 56 2 9 45 17 45 59 81 15 12 8 95 63 85 61 27 36 44 59 34 5 16 16 7 10 82 42 69 30 81 64 64 9 13 0 67 30 98 88 46 45 49 33 20 18 15 66 72 17 83 100 22 77 77 20 42 16 72 62 49 88 92 10 90 87 79 81 66 68 36 56 56 54 16 39 85 24 42 32 31 47 32
18 74 65 61 81 39 17 74 24 59 20 37 3 17 62 12 86 53 4 51 89 88 31 62 87 67 94 19 97 17 37 7 81 9 96 87 86 53 85 87 87 14 61 96 6 56 56 91 86 66 91 17 94 88 53 61 1 74 96 55 45 9 92 18 19 11 45 9 57 20 89 6 55 45 89 34 74 79 65 93 93 61 75 25 17 46 12 95 34 4 21 57 14 94 49 80 78 99 69 93
79 33 76 29 84 13 86 57 90 26 29 62 27 50 38 89 33 30 49 74 36 36 26 23 10 61 25 21 15 1 55 93 16 95 52 34 11 49 89 55 41 40 88 4 96 30 73 10 57 1 89 33 2 57 68 94 46 89 45 90 36 18 2 99 75 62 32 68 78 92 98 40 68 19 19 94 18 30 87 42 50 12 30 39 21 4 60 52 9 2 71 30 11 17 19 50 26 91 17 13
89 32 80 45 4 49 43 11 9 18 51 25 28 44 67 31 11 15 51 42 39 79 1 71 21 41 76 12 87 87 7 88 31 32 89 69 38 8 65 64 48 4 91 5 35 8 88 31 94 38 24 53 55 53 62 99 30 94 11 40 99 37 30 20 10 55 43 83 89 49 53 23 59 72 68 20 94 33 80 46 2 33 96 43 59 34 6 13 65 12 91 31 58 57 54 84 53 93 37 36
70 62 79 35 58 82 14 98 36 86 100 17 81 14 27 38 21 18 31 8 57 50 94 97 51 94 21 72 28 98 91 93 62 30 44 85 39 10 35 37 91 14 64 32 72 6 36 85 40 91 7 14 65 8 94 95 62 59 9 79 79 59 95 42 48 75 14 92 61 25 59 7 51 54 92 22 42 8 8 89 68 0 13 33 88 1 80 58 35 42 67 1 34 49 24 11 10 59 10 86
97 92 62 59 69 14 68 67 49 96 33 28 11 27 5 73 4 77 62 79 5 94 76 72 73 12 97 21 62 35 21 66 4 95 94 0 76 81 87 1 28 35 39 85 40 53 6 97 72 77 19 39 42 50 84 58 79 51 25 66 41 30 90 13 34 87 1 97 98 11 10 48 83 98 14 46 57 28 85 93 29 10 49 81 33 2 69 78 82 87 11 55 54 78 90 20 21 20 73 93
70 80 75 86 24 72 89 1 60 74 43 81 33 84 96 92 12 67 76 36 72 12 15 3 35 58 50 23 50 83 89 27 73 1 63 100 43 22 74 60 2 12 66 37 76 25 18 70 22 1 15 87 30 83 28 35 89 69 56 87 54 96 77 33 41 43 19 47 1 60 34 49 30 87 28 39 70 6 53 2 9 38 14 34 6 26 70 2 68 100 4 59 34 97 27 16 65 62 10 60
84 50 49 23 87 68 31 12 30 53 91 90 29 41 3 57 16 16 77 11 62 17 0 84 54 62 28 92 71 50 80 65 100 3 40 73 2 11 1 92 87 86 94 26 74 11 88 36 14 18 84 32 66 69 51 15 63 78 29 27 71 48 99 5 70 80 24 87 40 80 82 63 85 58 58 35 25 65 64 61 65 35 77 56 50 86 66 21 97 8 92 79 95 74 89 95 59 58 47 54
15 100 53 32 57 82 66 62 98 51 94 81 68 44 41 95 67 27 84 30 74 40 45 74 87 60 31 83 98 59 1 79 76 80 56 63 30 76 77 6 60 8 10 18 23 55 48 78 81 79 44 95 50 3 43 12 5 72 69 100 81 56 34 79 76 33 20 8 39 4 94 71 28 1 13 96 76 5 71 56 36 82 57 33 33 42 47 75 21 47 44 1 39 100 17 92 51 88 46 71
44 48 83 99 9 3 96 5 59 51 42 63 78 55 21 74 65 86 5 35 3 57 93 71 24 1 43 90 68 13 11 91 34 69 30 8 70 35 92 87 19 40 54 29 48 78 10 94 20 0 28 62 59 53 8 29 17 66 72 54 94 99 43 9 85 88 11 84 43 76 46 57 57 36 25 8 63 19 84 9 83 2 40 17 3 74 44 97 53 73 42 78 82 15 6 87 47 81 38 43
34 55 31 50 94 60 1 14 31 16 32 34 15 85 30 87 15 60 38 39 42 39 69 66 46 100 98 73 49 92 2 44 36 67 92 20 82 88 84 13 68 30 89 3 58 66 19 58 30 28 49 75 52 62 66 60 62 51 22 36 49 95 50 14 63 40 69 14 77 33 14 74 80 28 4 40 28 49 43 31 92 56 11 32 20 89 43 18 81 72 98 44 82 77 23 96 87 75 21 29
86 80 41 45 35 74 72 82 11 89 4 53 49 98 42 34 35 50 71 5 92 1 91 15 38 15 100 50 3 25 85 60 10 77 46 14 54 78 76 39 83 32 25 8 18 31 38 7 34 39 6 31 8 18 43 18 15 32 94 97 67 57 47 81 56 46 86 24 98 37 56 42 6 69 94 72 80 68 15 25 90 9 49 59 99 51 73 83 0 97 0 18 88 56 60 20 51 47 46 32
89 77 40 88 15 10 56 71 19 73 6 98 40 29 90 1 39 28 79 90 49 66 6 47 7 87 44 56 37 36 44 32 10 55 33 70 7 5 88 36 21 83 74 51 97 59 80 20 77 28 55 90 26 86 29 3 49 56 94 78 9 23 62 16 36 77 75 37 86 60 30 89 100 27 62 63 5 59 54 55 26 26 32 8 72 52 33 17 18 97 88 93 74 16 26 94 42 22 75 33
100 81 6 77 21 66 68 75 18 85 24 63 34 72 22 15 47 31 61 73 81 61 61 60 59 21 100 0 4 29 59 1 5 6 31 55 30 21 64 45 68 26 0 88 25 11 68 48 40 97 4 80 28 48 14 71 55 45 58 5 7 69 65 84 69 41 64 4 53 98 60 20 44 70 57 43 56 17 86 77 95 8 63 57 38 8 85 31 90 2 98 21 100 49 71 63 14 10 77 70
54 90 78 57 95 7 97 39 45 85 92 19 38 98 37 39 31 35 76 62 100 94 67 99 25 73 8 54 58 9 51 40 51 3 70 57 80 80 95 23 51 85 68 22 42 48 80 62 2 32 34 8 3 49 9 38 38 36 84 66 82 36 6 73 26 57 54 82 49 48 16 36 76 11 36 72 44 67 86 78 31 39 53 82 100 50 87 65 8 20 20 72 71 3 6 63 68 90 7 49
88 76 87 75 4 95 44 10 40 72 76 3 63 65 41 63 43 17 80 54 80 2 12 90 16 37 37 81 71 20 20 47 31 66 65 17 55 73 45 34 96 25 89 32 42 100 49 64 46 55 98 2 27 2 65 60 24 50 6 20 12 88 62 0 35 38 99 33 91 55 25 38 21 43 26 60 93 44 9 19 4 30 37 9 40 65 1 32 93 76 10 61 48 3 1 49 19 3 13 53
79 12 55 83 28 30 70 60 44 16 91 47 51 5 84 2 25 69 57 27 44 26 4 32 28 34 73 90 46 15 22 72 55 53 34 91 1 13 29 45 24 1 19 16 35 33 15 96 89 50 11 38 32 77 75 58 87 29 50 93 43 88 19 21 53 3 58 89 16 59 28 24 64 93 81 54 53 90 1 72 29 31 54 67 52 36 24 44 86 2 17 5 75 34 92 46 18 16 84 3
65 78 12 53 5 27 72 53 28 86 99 16 33 98 28 29 24 34 89 1 59 82 52 90 82 47 63 48 7 84 47 73 58 50 8 69 35 55 13 9 39 35 12 2 96 16 94 86 18 56 55 17 62 81 81 91 69 100 38 88 43 0 31 71 50 48 6 14 70 36 45 10 89 69 18 70 92 95 92 59 7 45 21 21 75 41 24 59 73 58 83 32 92 3 100 3 62 58 91 25
94 28 69 59 75 26 70 96 33 82 54 33 15 78 28 50 58 86 67 41 19 47 65 95 33 60 38 54 49 38 76 17 92 60 73 69 91 55 8 55 50 81 31 98 12 96 93 90 52 63 7 36 19 85 42 21 2 65 41 43 83 63 81 97 81 56 84 93 64 31 35 79 54 80 45 38 41 49 20 65 35 83 63 94 90 59 68 72 61 1 57 39 77 80 95 70 9 7 98 44
47 96 75 90 80 33 69 3 32 85 45 19 2 41 32 5 59 46 59 22 28 76 11 28 19 3 74 81 41 35 74 74 42 73 66 31 67 86 84 73 96 63 95 85 13 64 82 86 43 77 100 59 94 6 17 6 21 19 72 10 97 30 2 72 41 38 81 68 28 85 22 27 95 99 40 62 68 14 67 54 89 45 1 6 76 82 77 96 36 34 68 45 13 41 78 7 54 37 31 49
34 64 54 4 76 47 26 92 22 15 15 10 98 77 53 93 77 40 14 68 98 100 57 32 15 80 39 56 27 65 78 53 89 58 29 98 1 41 69 73 48 67 70 96 37 2 25 3 1 55 75 27 96 69 61 66 43 0 38 64 63 93 57 80 74 66 99 8 52 7 80 58 97 64 98 38 93 96 17 52 78 53 47 44 10 44 98 44 99 52 82 58 89 76 94 13 28 50 99 51
68 74 97 38 32 84 17 92 7 93 26 89 38 92 79 6 67 22 87 92 90 9 58 68 38 61 64 98 73 36 81 12 81 35 65 84 15 5 88 85 52 83 62 37 12 25 50 7 4 27 72 20 50 69 18 69 90 91 67 41 59 67 21 47 52 2 35 3 49 6 98 0 16 100 79 74 98 21 24 20 23 3 79 63 47 38 6 20 42 61 87 80 36 94 15 37 13 0 63 76
72 66 4 8 17 40 50 97 57 73 57 1 32 88 63 43 61 91 60 44 9 75 92 67 17 9 12 84 57 99 13 14 87 80 57 47 56 71 22 92 72 71 3 40 96 33 82 23 79 4 86 66 90 46 87 81 72 71 93 24 28 8 7 11 11 68 31 55 36 22 71 10 58 72 61 78 42 33 7 28 47 13 66 10 72 87 80 6 97 66 91 23 45 22 63 60 44 33 30 54
55 4 24 30 89 13 95 27 63 1 16 11 28 39 7 49 85 25 23 89 38 45 86 80 63 39 17 52 61 74 8 15 80 25 4 49 62 35 30 85 86 15 41 71 69 9 33 52 66 61 72 55 82 81 33 46 25 70 78 87 18 0 13 17 29 37 53 46 25 99 57 63 81 77 73 29 73 2 97 38 6 17 77 57 69 37 1 15 8 59 85 98 65 5 60 91 90 93 81 64
46 79 39 54 75 12 33 81 5 79 9 15 44 81 30 49 88 2 76 0 71 84 3 61 36 41 85 95 98 33 27 91 79 59 85 1 49 69 32 15 40 21 6 32 86 46 84 14 3 92 0 73 42 13 49 22 85 70 45 0 82 71 74 18 21 76 66 87 84 74 7 96 89 34 22 46 85 68 3 38 24 20 5 96 1 65 89 85 24 41 82 76 3 67 5 38 99 0 51 52
10 12 8 3 43 92 7 77 8 32 79 10 68 0 51 73 29 37 71 41 48 77 3 69 52 60 16 7 61 98 98 93 53 87 2 93 81 81 86 21 5 84 16 32 73 55 27 14 13 91 28 55 57 11 83 30 89 69 69 50 21 51 53 0 68 76 86 13 72 13 61 47 69 16 82 59 15 44 91 66 100 29 40 7 25 38 34 93 17 46 53 22 30 10 46 11 58 82 13 92
77 48 63 94 64 81 96 21 93 13 97 69 9 49 26 93 97 13 83 0 37 11 51 96 36 95 96 30 15 66 43 32 81 13 58 68 46 15 18 31 69 29 69 38 8 22 41 57 24 88 7 21 24 43 4 53 77 42 53 47 37 34 50 47 8 53 50 86 75 36 87 49 41 38 69 16 99 0 3 84 27 10 90 46 63 40 54 80 50 72 83 15 56 78 28 40 92 94 8 98
97 3 57 32 54 56 33 57 2 9 25 36 88 29 93 32 53 32 20 47 95 14 44 35 15 40 84 77 59 21 56 95 48 49 74 11 43 14 91 55 36 14 44 37 21 76 48 52 39 20 87 39 16 40 85 98 6 17 43 75 52 20 60 36 86 95 18 63 30 36 73 19 75 32 29 76 41 16 53 78 23 11 2 22 48 11 62 83 59 85 61 87 32 0 91 61 72 11 88 21
35 82 13 21 45 63 85 34 14 78 2 70 76 33 1 44 86 56 77 54 27 44 64 70 67 80 16 93 20 71 22 42 95 56 95 7 3 89 2 94 29 51 5 99 5 23 38 18 84 20 36 97 28 90 43 87 33 25 34 49 53 16 65 29 52 50 78 25 69 16 99 90 65 18 41 25 33 89 26 60 67 32 30 72 21 14 33 0 56 14 79 87 2 58 22 89 98 19 69 100
40 24 49 59 22 43 95 16 44 30 17 61 41 67 35 40 14 40 19 3 22 82 52 1 66 84 7 13 32 87 10 2 72 8 61 100 10 38 51 35 22 34 84 18 0 3 3 27 13 14 27 1 34 65 47 73 38 93 25 76 19 62 90 100 86 48 80 11 5 68 63 34 100 6 39 17 78 21 65 70 10 57 7 18 91 33 66 20 92 96 47 61 32 32 91 40 87 42 53 32
27 67 35 59 2 78 33 13 43 75 22 70 43 35 85 25 24 40 31 74 82 66 20 11 24 42 6 46 69 4 95 52 44 10 27 1 58 76 64 73 63 7 21 84 81 3 43 52 46 25 84 55 23 81 26 21 100 99 48 53 60 57 25 93 44 26 8 7 43 14 93 12 12 64 99 28 71 32 41 59 98 23 79 60 35 71 13 65 92 2 93 62 13 18 70 46 27 68 32 64
36 9 12 12 98 91 55 64 82 4 93 78 35 53 4 79 32 12 55 46 32 77 52 36 43 52 15 97 75 11 20 34 21 85 63 61 5 24 75 57 80 46 1 98 56 81 60 46 46 56 66 72 76 18 54 7 8 75 17 39 17 26 49 44 71 75 40 12 7 82 70 10 43 3 63 35 21 44 29 7 88 81 23 63 89 76 13 82 44 66 16 13 99 11 44 29 42 13 52 13
22 7 43 61 97 29 16 25 49 90 5 25 19 40 14 51 51 50 53 81 13 26 15 10 3 5 90 90 20 19 35 35 81 63 51 4 5 84 68 46 42 83 6 95 81 21 84 91 97 58 22 31 28 69 84 29 10 72 17 34 94 55 18 6 45 69 41 19 44 15 81 51 45 28 44 62 87 75 21 26 29 26 47 15 83 39 26 10 76 8 61 38 39 39 85 42 48 68 31 91
87 52 31 14 56 17 58 41 80 60 67 54 4 25 0 54 1 29 87 100 19 3 87 10 17 30 85 80 46 61 69 58 61 73 50 90 46 2 40 20 26 18 13 56 13 77 25 34 80 2 0 86 43 84 100 98 56 2 40 12 25 35 69 28 24 60 10 15 27 84 22 30 49 18 54 33 20 59 78 48 22 0 35 95 98 98 59 44 56 38 9 90 31 86 90 85 20 54 96 48
9 21 87 99 78 51 38 4 7 92 91 81 56 78 6 42 16 88 83 9 36 67 6 80 54 32 31 63 40 6 14 18 67 100 45 69 54 24 92 83 10 86 16 38 86 88 30 100 20 62 30 53 44 3 43 29 28 64 20 67 100 80 70 92 49 45 58 64 75 20 86 66 2 34 9 77 35 64 14 46 16 58 24 74 77 11 90 18 17 29 82 98 62 93 19 37 65 5 2 68
14 65 87 2 52 51 13 55 73 97 24 61 11 12 98 85 62 30 64 44 47 78 5 29 86 28 74 31 21 90 20 65 8 89 51 0 22 54 62 100 89 52 32 71 82 49 45 56 47 76 43 40 22 74 23 83 62 6 86 96 82 13 48 58 69 0 81 63 45 27 67 39 15 34 4 26 69 95 57 61 16 20 24 31 95 86 42 40 84 54 65 11 85 43 51 71 53 30 37 38
74 65 6 55 55 20 46 81 96 45 96 92 17 76 27 64 31 77 10 35 63 13 86 35 98 54 10 26 19 85 92 18 84 52 66 18 24 82 74 41 48 22 39 78 63 35 60 83 40 68 85 69 96 38 85 31 11 17 93 6 49 22 15 61 81 68 38 89 15 25 30 82 2 86 94 74 0 56 48 70 32 67 46 50 89 48 27 69 92 53 0 99 20 67 19 26 22 85 79 42
83 1 52 31 2 31 86 93 44 8 53 25 76 48 98 18 72 82 80 2 56 35 43 93 75 2 86 67 50 6 18 47 87 39 58 77 28 75 85 69 49 76 87 68 18 69 56 83 43 49 27 56 74 16 7 71 97 28 29 71 27 53 81 95 1 48 28 66 49 38 92 36 26 18 55 33 40 91 41 22 82 44 7 98 69 11 97 47 1 61 18 58 85 94 7 28 5 12 55 99
99 63 8 55 98 64 58 17 28 99 51 16 57 100 59 91 10 1 13 51 73 74 62 38 36 4 99 43 73 17 9 45 2 34 86 32 10 27 32 37 21 94 33 40 80 11 4 46 35 85 74 26 84 45 90 54 57 66 99 98 25 51 60 14 91 31 63 49 51 38 42 2 10 35 67 99 12 44 17 67 0 79 36 18 34 100 12 92 98 16 21 45 84 70 93 76 20 91 9 19
17 74 43 90 10 19 54 81 82 90 42 31 2 97 21 13 4 1 30 2 95 25 90 93 3 93 48 0 27 65 34 5 62 43 27 11 92 80 64 32 50 35 50 52 99 14 39 28 92 46 48 0 49 81 82 56 0 5 16 68 83 51 41 97 64 33 44 62 48 62 5 95 56 17 70 62 5 27 0 32 24 77 28 20 73 93 83 32 51 89 46 14 5 2 17 64 52 36 74 69
99 6 64 26 88 32 98 19 2 83 92 77 34 39 58 87 19 89 76 93 72 17 7 92 25 18 2 2 11 73 47 29 85 10 8 33 26 21 93 76 94 49 78 93 69 50 12 67 95 64 21 28 78 50 35 9 40 40 25 58 91 84 6 60 74 5 61 5 61 82 14 98 12 67 75 35 49 82 26 40 82 15 4 8 14 86 98 43 90 22 94 71 21 78 95 5 29 66 28 20
61 75 6 59 65 39 38 51 94 50 87 65 26 1 41 99 87 100 5 6 33 15 97 71 53 89 96 53 17 12 25 59 84 33 7 83 92 46 97 67 69 58 4 53 3 25 94 6 21 25 66 99 98 3 53 59 80 20 65 6 93 48 16 85 61 29 18 76 8 57 43 84 40 52 33 94 97 19 47 6 74 59 51 16 15 21 48 98 12 90 56 80 81 28 24 36 25 45 16 21
4 85 49 95 51 93 33 92 99 86 44 23 96 68 96 58 65 74 70 53 16 59 20 82 100 97 21 22 23 60 31 59 22 73 64 36 96 87 61 83 54 70 97 36 52 64 65 53 2 87 65 61 90 53 100 94 10 46 18 26 12 65 33 36 11 10 48 4 11 27 60 79 81 13 71 57 75 34 29 32 25 23 10 53 81 93 12 76 100 81 24 9 10 49 8 77 98 9 77 92
61 87 52 74 12 38 50 89 76 24 11 51 22 94 92 83 14 96 15 71 75 97 7 9 97 93 30 93 97 61 13 4 1 95 6 98 73 57 16 7 87 51 58 78 96 62 5 4 100 4 73 53 89 79 59 92 58 35 37 40 83 74 29 87 79 69 83 69 64 62 51 41 10 18 77 99 32 44 89 35 48 83 76 87 80 14 0 36 0 82 51 86 20 83 43 69 36 95 15 70
91 61 78 83 66 16 23 47 38 29 13 67 76 5 27 10 10 40 7 61 9 1 77 36 5 83 79 37 16 90 42 71 41 0 32 41 13 19 8 73 57 96 59 31 72 8 76 62 83 87 4 5 75 76 51 86 70 85 13 23 83 60 8 100 38 8 62 43 88 16 77 2 52 36 71 21 85 63 74 18 31 75 63 34 73 16 71 3 80 93 88 27 92 10 43 80 40 90 69 30
73 100 32 1 93 86 42 46 48 83 53 65 97 53 40 43 24 10 58 73 5 86 14 77 5 32 81 28 63 1 33 64 5 67 83 0 33 49 50 47 3 89 12 41 73 8 7 71 25 60 100 91 98 45 82 24 68 64 63 37 44 50 22 3 55 25 42 93 9 59 15 78 82 25 51 46 81 70 29 71 3 89 8 74 30 68 27 18 49 40 19 42 46 70 79 61 73 7 63 61
57 29 49 91 7 36 85 68 32 76 29 42 42 27 7 48 49 33 78 25 29 87 66 28 38 13 58 20 67 57 93 33 83 53 54 80 99 91 38 34 19 47 39 77 6 88 58 10 94 34 61 57 9 80 65 35 25 16 2 46 96 21 68 63 72 43 45 96 46 66 18 59 81 89 60 31 43 52 17 67 7 3 66 63 44 23 21 29 79 25 65 27 45 41 56 81 88 70 57 2
67 57 74 76 7 31 0 16 21 67 83 80 26 21 69 52 97 36 38 14 30 66 24 64 94 1 89 54 49 75 47 41 56 55 28 85 2 78 34 94 40 99 26 98 78 79 21 52 33 25 93 62 13 4 44 62 86 54 15 79 55 68 3 69 8 83 9 89 24 60 43 47 71 85 50 67 64 100 30 56 56 57 91 9 51 16 95 44 88 38 40 4 44 48 95 38 24 76 81 9
94 86 47 6 24 51 39 88 54 33 19 10 78 67 17 0 23 94 51 26 12 61 21 61 44 24 95 10 70 27 11 29 39 34 31 4 21 54 91 2 73 90 94 38 82 23 98 33 77 99 8 42 97 35 32 33 90 62 90 79 47 3 6 23 38 40 85 34 35 55 52 15 9 9 45 11 84 36 51 89 92 17 11 97 84 99 40 92 21 88 44 71 99 23 75 49 57 60 78 10
19 55 74 45 87 82 25 23 61 70 48 19 47 26 37 4 17 60 5 18 85 6 5 75 41 40 53 7 91 47 55 27 67 79 79 72 27 95 96 91 23 39 84 74 94 54 47 58 27 75 92 41 30 100 72 30 86 57 55 77 36 91 20 13 38 16 12 7 16 8 34 56 77 78 40 28 48 63 68 18 81 33 39 27 32 42 17 72 28 63 25 51 85 81 98 42 77 38 54 67
46 93 30 6 21 90 92 17 67 47 29 91 77 91 61 28 32 21 73 35 45 24 55 95 66 29 32 28 81 34 34 39 0 64 98 93 45 99 21 44 86 17 48 90 40 25 4 93 51 18 23 24 62 86 11 91 68 83 63 59 2 65 42 68 14 68 16 18 70 49 36 65 67 31 58 85 74 1 89 6 31 82 18 93 38 29 0 32 47 47 78 36 16 28 96 46 35 12 98 54
71 51 97 97 9 19 6 71 29 77 41 62 98 78 99 63 98 96 93 46 20 50 56 38 50 21 21 54 87 58 52 13 98 77 57 95 22 12 44 31 31 58 21 83 78 1 2 31 48 79 67 80 87 60 18 76 39 84 11 70 43 32 2 12 78 24 65 55 46 13 0 44 61 56 61 34 84 47 13 59 75 77 53 16 42 100 49 74 77 45 92 29 71 8 84 10 41 56 53 17
25 39 89 91 67 33 72 39 12 82 12 72 80 75 56 21 15 82 72 23 46 85 75 42 83 80 6 26 21 4 82 32 97 77 99 37 24 35 52 51 88 87 63 27 25 92 97 82 9 61 14 74 25 64 62 94 5 20 88 4 34 32 80 20 24 55 35 0 94 96 78 92 44 82 62 55 62 85 19 70 96 66 14 80 64 98 48 95 89 6 12 70 1 40 5 82 75 99 79 23
68 78 8 95 77 26 57 21 96 24 30 67 91 36 11 24 60 31 89 54 57 68 77 88 41 88 43 64 34 25 26 52 62 10 75 31 77 96 90 37 38 85 0 11 63 70 88 66 60 9 41 18 21 91 26 49 87 11 83 28 88 79 37 32 80 75 56 69 75 70 63 11 67 31 49 64 30 100 51 3 18 56 74 61 7 47 53 10 38 7 63 62 30 22 26 10 7 68 37 67
30 93 49 9 96 88 29 58 10 49 11 45 75 53 80 82 84 49 46 94 0 4 100 31 76 54 50 70 14 90 46 15 8 83 57 17 80 73 59 95 55 32 90 31 10 39 90 41 4 76 41 19 8 71 33 48 61 79 62 47 17 82 93 80 3 16 0 39 31 60 92 39 43 77 93 88 66 100 92 41 21 63 7 31 22 20 58 83 8 79 32 13 33 29 20 74 100 93 17 58
0 20 93 33 99 40 70 83 55 68 62 43 28 36 81 45 75 23 66 2 32 81 32 59 34 77 92 29 46 95 31 55 10 93 63 11 54 56 2 28 76 30 35 20 5 92 32 67 42 4 41 45 84 97 15 6 2 47 11 72 56 87 31 40 52 47 78 77 70 70 65 52 82 71 9 58 8 13 79 79 24 100 34 2 17 55 92 44 43 38 73 95 87 22 98 24 55 97 97 4
37 25 48 33 5 9 29 58 86 73 71 55 40 83 60 80 6 58 12 11 4 7 84 29 91 80 96 71 40 43 6 37 41 79 36 24 25 63 72 74 10 100 30 95 11 92 77 30 85 19 18 26 5 50 3 83 60 48 85 63 34 24 78 5 86 30 47 97 91 26 85 68 57 0 1 31 78 17 79 90 50 41 92 15 13 55 72 58 14 88 49 19 44 26 5 38 39 24 35 100
46 11 20 20 26 85 57 31 34 16 75 62 11 31 9 100 65 94 2 73 62 75 87 20 4 16 83 28 86 75 56 97 54 67 41 44 21 94 24 58 30 6 99 47 31 25 92 19 68 83 22 31 99 57 66 42 29 34 51 13 70 84 65 46 86 59 41 4 12 20 87 78 61 29 58 13 97 88 29 85 47 73 5 58 64 30 60 3 31 91 38 91 51 22 57 35 43 11 18 81
97 37 56 3 13 41 100 79 20 74 81 19 84 42 10 92 48 13 39 0 59 80 76 85 35 12 51 84 18 51 51 62 96 75 19 30 2 70 7 67 28 1 72 14 55 38 24 82 49 56 91 0 81 8 57 41 80 25 85 16 42 10 82 99 14 83 33 55 94 65 77 19 1 71 84 79 45 34 2 38 83 9 19 14 82 7 68 54 37 89 24 43 13 60 56 36 17 92 39 17
29 82 96 58 22 10 39 34 4 58 55 13 20 61 66 33 63 13 57 5 41 13 61 5 57 42 53 11 14 81 1 63 2 75 77 50 32 98 44 12 25 15 9 47 17 31 6 19 55 88 98 85 7 49 6 84 16 51 89 74 20 74 87 89 29 40 71 90 15 58 47 93 93 85 83 41 11 18 90 47 83 77 79 72 93 43 58 54 86 92 9 87 33 88 98 23 88 55 17 14
43 12 18 48 86 36 10 12 71 32 20 58 35 42 85 49 27 18 11 67 16 46 94 69 95 41 46 20 30 34 30 93 86 34 57 53 25 57 95 82 20 52 73 32 7 30 83 52 5 47 0 18 20 28 100 29 15 62 77 60 71 32 42 9 72 20 93 64 88 10 34 89 98 97 59 16 44 89 12 54 2 79 13 14 82 34 45 10 17 34 81 64 100 31 42 51 31 85 75 59
2 17 53 93 15 98 36 86 29 89 33 92 80 94 88 64 97 4 4 42 47 0 64 26 73 31 60 85 51 51 5 56 55 33 52 21 67 72 4 77 52 96 72 16 100 94 80 23 73 6 63 86 66 48 57 18 45 56 35 30 41 64 90 98 30 54 96 31 33 52 16 79 67 40 29 22 97 14 85 23 53 69 49 18 62 72 72 12 38 16 89 63 30 46 87 29 33 71 11 67
13 53 52 100 57 65 26 28 62 2 58 98 27 99 50 90 50 0 78 100 51 91 63 71 29 93 33 100 64 96 89 78 53 94 78 34 21 32 14 14 21 72 85 20 49 58 81 71 7 95 65 40 22 22 21 12 44 84 99 76 28 85 16 4 24 99 48 96 100 42 49 88 14 68 48 16 54 72 37 77 91 84 13 27 77 27 77 37 98 85 98 60 25 49 25 73 79 25 41 95
38 69 42 10 52 58 4 45 44 29 3 31 93 97 54 89 68 58 97 92 4 49 94 85 39 91 98 52 31 17 48 85 25 39 99 83 42 77 39 76 62 22 59 75 5 51 96 79 80 35 1 82 13 25 98 58 73 61 11 9 14 12 24 60 34 99 79 34 20 12 97 99 22 79 97 5 51 76 92 68 48 19 64 76 1 36 70 37 31 81 23 55 34 67 25 85 32 0 61 47
76 100 55 43 80 26 75 48 34 77 79 43 27 99 66 42 15 95 33 33 15 95 10 100 10 6 5 40 7 67 72 48 22 78 98 24 12 99 81 24 3 69 49 47 34 90 45 72 30 69 95 8 92 23 11 37 25 41 11 16 8 6 26 38 28 41 93 7 11 91 69 20 18 17 99 85 89 28 97 55 76 59 63 57 84 74 9 25 64 37 47 88 61 98 14 99 16 74 0 71
85 47 48 88 30 65 39 38 38 94 31 2 45 85 0 90 26 93 70 21 21 9 55 47 57 11 15 25 100 38 52 79 65 11 45 32 13 79 1 99 32 42 21 28 50 53 90 47 70 47 78 44 54 90 66 67 20 60 87 34 84 54 85 100 18 14 64 22 50 70 83 38 45 71 40 38 77 11 76 88 51 16 62 76 97 72 21 25 93 9 49 17 62 54 88 24 89 26 42 98
15 36 69 32 45 84 96 30 17 17 95 43 50 42 38 22 43 42 34 27 82 96 69 31 83 84 59 24 71 11 29 0 17 97 27 48 40 94 83 22 73 99 67 43 22 13 91 17 32 59 2 47 67 4 66 100 74 39 65 33 50 30 77 20 91 5 21 6 59 85 62 75 1 80 36 19 94 47 35 23 73 34 62 10 73 13 5 23 93 43 55 45 65 3 29 46 49 31 90 99
43 100 4 28 49 46 82 60 61 41 65 85 37 41 88 82 22 71 88 48 42 1 9 73 99 47 3 16 28 5 81 67 18 5 11 72 36 76 54 69 23 84 49 61 30 82 48 100 9 78 13 5 20 93 58 67 39 39 36 43 99 64 19 0 7 85 74 61 8 35 22 60 65 54 14 30 78 48 17 21 98 57 2 17 79 100 25 72 57 4 49 27 18 43 60 98 19 69 54 35
95 75 45 98 5 95 46 95 25 37 24 24 64 63 89 42 98 94 52 52 11 52 83 27 62 64 53 3 46 97 42 29 27 59 96 69 29 36 67 74 45 7 94 20 30 18 56 40 53 3 5 83 51 45 40 100 31 11 14 54 58 91 6 76 1 88 9 59 32 44 34 72 38 83 49 75 30 43 38 96 92 65 44 72 48 76 97 18 70 97 82 56 49 34 34 2 15 46 56 6
82 76 58 43 12 26 83 35 80 30 1 40 41 13 91 98 69 1 38 86 67 99 31 16 61 71 59 86 36 63 44 42 40 43 43 92 52 2 15 39 35 10 98 38 75 34 66 2 45 46 5 99 66 78 0 55 82 71 62 34 98 3 76 46 88 28 90 3 15 47 35 3 82 15 59 24 14 65 14 87 2 26 93 100 14 19 68 66 87 83 1 38 75 2 88 24 99 14 42 19
2 42 79 15 26 59 67 45 23 73 16 62 21 81 75 91 18 26 3 3 9 1 34 79 68 22 76 74 1 99 11 70 88 95 70 39 90 54 91 6 37 86 45 64 56 67 69 21 39 100 1 35 21 57 24 57 68 50 70 84 59 80 56 49 5 49 8 36 91 18 57 87 68 32 51 77 38 90 49 46 40 28 13 46 0 13 70 39 87 54 28 28 28 72 44 4 16 79 53 15
17 76 30 43 100 61 18 32 8 38 0 9 8 27 6 25 75 90 35 43 12 42 45 48 2 77 39 77 46 58 91 74 20 12 58 49 73 66 65 48 71 86 53 2 34 81 58 29 62 83 65 99 78 13 86 96 31 9 46 6 98 55 89 0 64 74 74 48 88 95 53 81 64 46 93 13 63 68 72 51 6 49 7 68 65 19 72 54 67 53 21 70 30 19 77 35 76 63 63 24
30 39 99 47 28 3 89 77 57 49 10 20 59 76 77 83 47 31 86 28 35 41 87 90 75 73 62 26 25 27 47 13 16 49 41 80 18 62 45 16 60 30 49 94 56 37 9 12 73 19 93 61 61 53 48 66 97 63 8 80 41 62 35 94 43 82 36 2 58 50 46 83 55 29 77 96 38 48 24 99 43 47 23 50 87 15 20 96 21 85 75 66 66 55 90 64 73 86 55 92
80 58 38 81 27 19 16 31 38 81 7 35 6 43 51 78 13 91 50 24 96 27 62 81 4 25 63 19 42 40 58 3 80 95 2 29 4 84 78 8 100 21 41 61 18 37 71 13 52 96 60 14 5 96 55 46 89 51 33 62 80 93 31 10 31 43 27 3 59 18 81 45 88 29 94 58 91 34 80 81 2 78 62 61 2 21 37 82 26 0 69 39 80 29 87 34 72 4 38 96
18 47 68 67 81 0 65 3 27 65 67 45 60 94 3 93 35 46 89 70 75 43 80 100 45 37 58 16 8 71 7 11 32 9 42 46 55 16 48 61 1 4 60 93 47 33 36 32 98 0 54 79 26 66 14 42 76 77 35 19 66 38 5 79 75 94 45 5 26 98 35 84 61 56 97 61 70 66 94 53 86 53 53 17 13 23 65 33 62 19 2 77 6 37 96 24 65 65 88 24
77 11 27 37 44 63 23 74 14 92 18 10 65 90 68 21 74 13 4 83 6 32 82 93 69 44 23 19 21 43 97 28 5 36 60 24 2 4 61 54 32 94 52 1 76 71 2 67 68 44 14 47 6 99 65 61 43 70 80 50 67 33 76 85 52 45 87 72 6 90 57 12 46 22 9 76 8 31 94 90 95 83 9 23 34 90 0 50 59 32 35 8 72 96 12 21 71 52 73 50
60 2 30 52 15 93 99 3 18 53 66 26 39 64 60 84 21 77 68 22 36 72 23 99 42 95 91 20 100 74 18 26 96 18 98 49 71 1 51 5 16 62 94 70 59 77 73 19 9 9 29 59 79 79 20 43 87 61 21 70 28 52 49 92 79 93 16 67 34 38 10 96 24 96 97 90 80 12 53 81 28 16 65 40 37 31 4 54 83 83 32 96 19 88 39 79 60 90 21 26
26 69 5 1 42 39 24 90 28 86 63 74 93 42 29 73 96 60 81 7 7 76 80 65 87 54 17 56 97 99 63 9 73 28 80 46 84 14 52 39 59 70 34 21 24 22 78 24 66 77 33 13 64 0 92 34 38 5 76 55 31 98 38 55 58 72 2 3 76 20 57 11 10 70 12 15 72 28 87 30 5 28 87 56 3 98 95 41 56 79 19 71 0 5 24 78 62 50 79 29
45 66 0 50 43 82 41 42 54 4 86 59 3 56 32 74 70 48 32 83 71 99 31 59 77 14 46 83 0 96 10 32 13 7 93 51 67 71 52 92 1 76 14 3 75 82 83 90 17 18 32 29 36 21 94 46 44 10 32 87 19 97 13 66 81 86 53 16 48 42 2 55 78 98 99 100 27 75 0 88 85 53 39 90 74 43 28 98 63 79 50 2 87 38 93 11 95 25 79 42
15 35 64 25 56 37 7 64 40 3 69 69 2 54 87 33 34 76 33 80 15 68 84 56 83 10 31 2 68 7 97 51 44 73 25 41 20 78 40 79 88 32 33 39 86 86 66 22 11 25 57 99 45 43 74 67 86 42 74 73 42 45 82 10 50 17 72 32 87 99 7 47 24 60 57 87 57 9 28 27 48 41 91 95 11 32 68 16 62 76 89 36 17 45 82 82 74 49 93 53
35 51 22 10 65 67 68 89 93 32 52 97 24 79 12 24 8 18 92 27 19 4 19 35 38 98 86 90 41 97 33 18 2 12 37 28 83 81 30 42 49 46 40 81 31 67 63 0 27 52 16 87 95 49 23 82 73 59 22 2 67 60 93 91 99 37 5 33 41 0 90 62 6 73 97 71 49 86 17 44 8 8 18 33 48 40 90 88 5 68 49 44 2 55 55 56 4 72 18 81
